,Course Title,Course Name,Course Department,Instructor Full Name,UGrad,Grad,NonDegree,XReg,VUS,Employee,Withdraw,Year,Semester,Total
21,AFRIKAAN 101BR,Advanced Afrikaans II,African & African Amer Studies,"Mugane,John M",7,0,0,0,0,0,0,2020,Spring,7
22,AFRIKAAN AB,Elementary Afrikaans,African & African Amer Studies,"Mugane,John M",19,0,0,0,0,0,0,2020,Spring,19
23,AFRIKAAN BB,Intermediate Afrikaans,African & African Amer Studies,"Mugane,John M",13,0,0,0,0,0,0,2020,Spring,13
66,AKKAD 147,Wisdom Literature,Near Eastern Languages & Civ,"Machinist,Peter B",0,4,0,0,0,0,0,2020,Spring,4
67,AKKAD 157,Introduction to Old Assyrian,Near Eastern Languages & Civ,"Barjamovic,Gojko",0,2,0,0,0,0,0,2020,Spring,2
68,AKKAD 159,Middle Babylonian,Near Eastern Languages & Civ,"Barjamovic,Gojko",0,5,0,0,0,0,0,2020,Spring,5
69,AKKAD AB,Introductory Akkadian II,Near Eastern Languages & Civ,"Barjamovic,Gojko",1,3,0,0,0,0,0,2020,Spring,4
70,AMHARIC 101BR,Advanced Amharic II,African & African Amer Studies,"Mugane,John M",2,0,0,0,0,0,0,2020,Spring,2
71,AMHARIC AB,Elementary Amharic,African & African Amer Studies,"Mugane,John M",3,1,0,1,0,0,0,2020,Spring,5
72,AMHARIC BB,Intermediate Amharic,African & African Amer Studies,"Mugane,John M",2,0,0,0,0,0,0,2020,Spring,2
205,ARABIC 130B,Upper-Level Classical Arabic 2,Near Eastern Languages & Civ,"Habib,Muhammad Ahmad",0,1,0,0,0,0,0,2020,Spring,1
206,ARABIC 131B,Upper-Level Modern Arabic II,Near Eastern Languages & Civ,"Korica Sullivan,Nevenka",9,4,0,0,0,0,0,2020,Spring,13
207,ARABIC 131B,Upper-Level Modern Arabic II,Near Eastern Languages & Civ,"Korica Sullivan,Nevenka",10,1,0,2,0,0,0,2020,Spring,13
208,ARABIC 241BR,Advanced Modern Arabic Bridge,Near Eastern Languages & Civ,"Korica Sullivan,Nevenka",2,5,0,1,0,0,0,2020,Spring,8
209,ARABIC 242BR,Mod Arabic Poetry,Near Eastern Languages & Civ,"Habib,Muhammad Ahmad",2,1,0,0,0,0,0,2020,Spring,3
210,ARABIC 243DR,Classical Arabic Bridge IV,Near Eastern Languages & Civ,"Nasser,Shady Hekmat",0,5,0,3,0,0,0,2020,Spring,8
211,ARABIC 249R,Arabic Philosophical Texts,Near Eastern Languages & Civ,"El-Rouayheb,Khaled",2,3,0,1,0,0,0,2020,Spring,6
212,ARABIC AB,Elementary Arabic II,Near Eastern Languages & Civ,"Korica Sullivan,Nevenka",11,0,0,0,0,0,0,2020,Spring,11
213,ARABIC AB,Elementary Arabic II,Near Eastern Languages & Civ,"Cozzens,Richard",4,0,0,1,0,0,0,2020,Spring,5
214,ARABIC AB,Elementary Arabic II,Near Eastern Languages & Civ,"Cozzens,Richard",11,3,0,0,0,0,0,2020,Spring,14
215,ARABIC AB,Elementary Arabic II,Near Eastern Languages & Civ,"Cozzens,Richard",9,0,0,1,0,0,0,2020,Spring,10
216,ARABIC AB,Elementary Arabic II,Near Eastern Languages & Civ,"Habib,Muhammad Ahmad",3,0,0,3,0,0,0,2020,Spring,6
217,ARABIC BB,Intermediate Arabic II,Near Eastern Languages & Civ,"Barmada,Nour",4,4,1,1,0,0,0,2020,Spring,10
218,ARABIC BB,Intermediate Arabic II,Near Eastern Languages & Civ,"Barmada,Nour",13,1,0,0,0,0,0,2020,Spring,14
219,ARABIC BB,Intermediate Arabic II,Near Eastern Languages & Civ,"Barmada,Nour",5,1,0,0,0,0,0,2020,Spring,6
220,ARMEN 164,Ghosts in Ethnic American Lit,Near Eastern Languages & Civ,"Gulesserian,Lisa Ann",2,1,0,0,0,0,0,2020,Spring,3
221,ARMEN AB,Elementary Modern Armenian II,Near Eastern Languages & Civ,"Gulesserian,Lisa Ann",3,2,0,0,0,0,0,2020,Spring,5
222,ARMEN BB,Int Modern Armenian II,Near Eastern Languages & Civ,"Gulesserian,Lisa Ann",1,0,0,0,0,0,0,2020,Spring,1
290,BCS AB,Elementary BCS II,Slavic Languages & Literatures,"Kuzmic,Tatiana",3,1,0,1,0,0,0,2020,Spring,5
291,BCS BB,Intermediate BCS II,Slavic Languages & Literatures,"Kuzmic,Tatiana",1,1,0,0,0,0,0,2020,Spring,2
292,BCS CR,Advanced BCS,Slavic Languages & Literatures,"Kuzmic,Tatiana",3,0,0,1,0,0,0,2020,Spring,4
375,CATALAN 11,Catalan Language and Culture,Romance Languages & Lit,"Aguirre-Oteiza,Daniel",2,1,0,0,0,0,0,2020,Spring,3
414,CHAGATAY A,Elementary Chaghatay,East Asian Langs & Civ,"Gulina,Aizezi",2,1,1,0,0,0,0,2020,Spring,4
488,CHNSE 106B,Intro to Literary Chinese,East Asian Langs & Civ,"Sena,David M",3,5,0,3,0,0,0,2020,Spring,11
489,CHNSE 107B,Intermediate Literary Chinese,East Asian Langs & Civ,"Sena,David M",0,5,1,0,0,0,0,2020,Spring,6
490,CHNSE 120B,Intermediate Modern Chinese,East Asian Langs & Civ,"Yang,Bin",11,2,0,1,0,0,0,2020,Spring,14
491,CHNSE 120B,Intermediate Modern Chinese,East Asian Langs & Civ,"Yang,Bin",18,0,0,1,0,0,0,2020,Spring,19
492,CHNSE 120B,Intermediate Modern Chinese,East Asian Langs & Civ,"Yang,Bin",8,0,0,2,1,0,0,2020,Spring,11
493,CHNSE 123XB,Intermed Mod Chinese - Adv Beg,East Asian Langs & Civ,"Ying,Jie",15,0,0,0,0,0,0,2020,Spring,15
494,CHNSE 123XB,Intermed Mod Chinese - Adv Beg,East Asian Langs & Civ,"Ying,Jie",15,0,0,0,0,1,0,2020,Spring,16
495,CHNSE 123XB,Intermed Mod Chinese - Adv Beg,East Asian Langs & Civ,"Ying,Jie",11,0,0,1,0,0,0,2020,Spring,12
496,CHNSE 130B,Pre-Advanced Modern Chinese,East Asian Langs & Civ,"Zhang,Mo",8,2,0,0,0,1,0,2020,Spring,11
497,CHNSE 130B,Pre-Advanced Modern Chinese,East Asian Langs & Civ,"Zhang,Mo",15,0,0,0,0,0,0,2020,Spring,15
498,CHNSE 130B,Pre-Advanced Modern Chinese,East Asian Langs & Civ,"Zhang,Mo",13,0,0,1,0,0,0,2020,Spring,14
499,CHNSE 130XB,Pre-Adv Mod Chin for High-Prof,East Asian Langs & Civ,"Shao,Xueyin",19,0,0,0,0,0,0,2020,Spring,19
500,CHNSE 130XB,Pre-Adv Mod Chin for High-Prof,East Asian Langs & Civ,"Shao,Xueyin",9,1,0,0,0,0,0,2020,Spring,10
501,CHNSE 140B,Advanced Modern Chinese,East Asian Langs & Civ,"Cai,Jing",8,2,0,0,0,0,0,2020,Spring,10
502,CHNSE 140B,Advanced Modern Chinese,East Asian Langs & Civ,"Cai,Jing",2,1,0,1,0,0,0,2020,Spring,4
503,CHNSE 140XB,Adv Mod Chin for High-Prof,East Asian Langs & Civ,"Zhao,Jie",3,0,0,0,0,0,0,2020,Spring,3
504,CHNSE 142B,Adv Conversational Chinese,East Asian Langs & Civ,"Zhao,Jie",8,0,0,1,0,0,0,2020,Spring,9
505,CHNSE 150B,Reads & Disc in Acad Prof Chin,East Asian Langs & Civ,"Wang,Dan",3,3,0,1,0,0,0,2020,Spring,7
506,CHNSE 163,Business Chinese,East Asian Langs & Civ,"Wang,Dan",6,0,0,0,0,0,0,2020,Spring,6
507,CHNSE 166R,Chinese in the Humanities,East Asian Langs & Civ,"Liu,Jennifer Li-Chia",10,0,0,0,0,0,0,2020,Spring,10
508,CHNSE 300,Reading and Research,East Asian Langs & Civ,"Bol,Peter K.",0,1,0,0,0,0,0,2020,Spring,1
509,CHNSE 300,Reading and Research,East Asian Langs & Civ,"Elliott,Mark C.",0,1,0,0,0,0,0,2020,Spring,1
510,CHNSE BB,Elementary Modern Chinese,East Asian Langs & Civ,"Yu,Xiaoshi",14,1,0,1,0,0,0,2020,Spring,16
511,CHNSE BB,Elementary Modern Chinese,East Asian Langs & Civ,"Yu,Xiaoshi",18,1,0,1,0,0,0,2020,Spring,20
512,CHNSE BB,Elementary Modern Chinese,East Asian Langs & Civ,"Yu,Xiaoshi",11,0,0,0,0,0,0,2020,Spring,11
513,CHNSE BB,Elementary Modern Chinese,East Asian Langs & Civ,"Yu,Xiaoshi",7,0,0,0,0,0,0,2020,Spring,7
514,CHNSE BB,Elementary Modern Chinese,East Asian Langs & Civ,"Yu,Xiaoshi",10,1,0,1,0,0,0,2020,Spring,12
515,CHNSE BB,Elementary Modern Chinese,East Asian Langs & Civ,"Yu,Xiaoshi",10,0,0,0,0,0,0,2020,Spring,10
522,CLAS-HEB 120B,Intermed Classical Hebrew II,Near Eastern Languages & Civ,"Teeter,Andrew",0,1,0,0,0,0,0,2020,Spring,1
523,CLAS-HEB AB,Elementary Classical Hebrew II,Near Eastern Languages & Civ,"Teeter,Andrew",6,1,0,0,0,0,0,2020,Spring,7
674,CZCH AB,Elementary Czech II,Slavic Languages & Literatures,"Tuckerova,Veronika",2,1,0,0,0,1,0,2020,Spring,4
675,CZCH BB,Intermediate Czech II,Slavic Languages & Literatures,"Tuckerova,Veronika",1,2,0,0,0,0,0,2020,Spring,3
676,CZCH CR,Advanced Czech,Slavic Languages & Literatures,"Tuckerova,Veronika",1,0,0,0,0,0,0,2020,Spring,1
864,EGYPTIAN 200,Egyptian Text Reading,Near Eastern Languages & Civ,"Manuelian,Peter Der",0,2,0,0,0,0,0,2020,Spring,2
865,EGYPTIAN AB,The Language of the Pharaohs,Near Eastern Languages & Civ,"Manuelian,Peter Der",6,1,0,0,0,0,0,2020,Spring,7
1127,FRENCH 10,Beginning French I,Romance Languages & Lit,"Mills,Nicole",8,2,0,4,0,0,0,2020,Spring,14
1128,FRENCH 11,Beginning French II,Romance Languages & Lit,"Mills,Nicole",10,1,0,2,0,0,0,2020,Spring,13
1129,FRENCH 11,Beginning French II,Romance Languages & Lit,"Mills,Nicole",13,0,0,0,0,0,0,2020,Spring,13
1130,FRENCH 11,Beginning French II,Romance Languages & Lit,"Mills,Nicole",14,1,0,2,0,0,0,2020,Spring,17
1131,FRENCH 135,Under the Table/Sous la Table,Romance Languages & Lit,"Beizer,Janet L.",3,0,0,1,0,0,0,2020,Spring,4
1132,FRENCH 136,French Feminisms Today,Romance Languages & Lit,"Jardine,Alice",7,3,0,1,0,0,0,2020,Spring,11
1133,FRENCH 144,Humanimals in Medieval French,Romance Languages & Lit,"Greene,Virginie",0,2,0,0,0,0,0,2020,Spring,2
1134,FRENCH 15,Intensive Beginning French,Romance Languages & Lit,"Mills,Nicole",5,2,0,1,0,0,0,2020,Spring,8
1135,FRENCH 153,The Novel after the New Novel,Romance Languages & Lit,"Kim,Annabel",5,2,0,0,0,0,0,2020,Spring,7
1136,FRENCH 174,Mediterranean Crossings,Romance Languages & Lit,"Conley,Verena",3,2,0,0,1,0,0,2020,Spring,6
1137,FRENCH 192,Spectacular France,Romance Languages & Lit,"Guyot,Sylvaine",3,1,0,0,0,0,0,2020,Spring,4
1138,FRENCH 20,Intermediate French,Romance Languages & Lit,"Turman,Karen",2,2,0,1,0,0,0,2020,Spring,5
1139,FRENCH 20,Intermediate French,Romance Languages & Lit,"Turman,Karen",8,0,0,2,0,0,0,2020,Spring,10
1140,FRENCH 250,Urban Cannibals: Les Mystères,Romance Languages & Lit,"Beizer,Janet L.",1,0,0,0,0,0,0,2020,Spring,1
1141,FRENCH 262,"Race, Gender, Sexuality",Romance Languages & Lit,"Lionnet,Francoise",0,4,0,1,0,0,0,2020,Spring,5
1142,FRENCH 30,Upper-level French,Romance Languages & Lit,"Knudson,Ericka Karina",9,1,0,1,0,0,0,2020,Spring,11
1143,FRENCH 30,Upper-level French,Romance Languages & Lit,"Knudson,Ericka Karina",12,1,0,1,0,0,0,2020,Spring,14
1144,FRENCH 30,Upper-level French,Romance Languages & Lit,"Knudson,Ericka Karina",12,0,0,1,0,0,0,2020,Spring,13
1145,FRENCH 320,French Literature,Romance Languages & Lit,"Conley,Verena",0,1,0,0,0,0,0,2020,Spring,1
1146,FRENCH 330,Doctoral Dissertations,Romance Languages & Lit,"Beizer,Janet L.",0,1,0,0,0,0,0,2020,Spring,1
1147,FRENCH 330,Doctoral Dissertations,Romance Languages & Lit,"Guyot,Sylvaine",0,1,0,0,0,0,0,2020,Spring,1
1148,FRENCH 40,Advanced French I,Romance Languages & Lit,"Knudson,Ericka Karina",11,1,0,3,0,0,0,2020,Spring,15
1149,FRENCH 40,Advanced French I,Romance Languages & Lit,"Knudson,Ericka Karina",7,0,0,0,0,0,0,2020,Spring,7
1150,FRENCH 50,Advanced French II,Romance Languages & Lit,"Turman,Karen",7,0,0,1,0,0,0,2020,Spring,8
1151,FRENCH 61M,Modern Stories about Paris,Romance Languages & Lit,"Knudson,Ericka Karina",7,0,1,2,0,0,0,2020,Spring,10
1152,FRENCH 61M,Modern Stories about Paris,Romance Languages & Lit,"Knudson,Ericka Karina",15,0,0,1,0,0,0,2020,Spring,16
1153,FRENCH 61N,French Lang Through Industry,Romance Languages & Lit,"Turman,Karen",2,1,0,0,0,0,0,2020,Spring,3
1154,FRENCH 70C,Intro to French Lit III,Romance Languages & Lit,"Lionnet,Francoise",10,0,0,0,0,0,0,2020,Spring,10
1155,FRENCH 85,Apocalyptic French Fiction,Romance Languages & Lit,"Kim,Annabel",6,0,0,1,0,0,0,2020,Spring,7
1156,FRENCH 99B,Tutorial - Senior Year,Romance Languages & Lit,"Richman,Kathy A.",1,0,0,0,0,0,0,2020,Spring,1
1279,GERMAN 102,"German Literature, Art",Germanic Languages & Lit,"Schwakopf,Nadine",6,0,0,0,0,0,1,2020,Spring,5
1280,GERMAN 10AB,Beginning German (Intensive),Germanic Languages & Lit,"Parkes,Lisa Caroline",7,0,0,2,0,0,0,2020,Spring,9
1281,GERMAN 10B,Beginning German,Germanic Languages & Lit,"Parkes,Lisa Caroline",9,0,1,0,0,0,0,2020,Spring,10
1282,GERMAN 10B,Beginning German,Germanic Languages & Lit,"Parkes,Lisa Caroline",8,1,0,0,0,0,0,2020,Spring,9
1283,GERMAN 10B,Beginning German,Germanic Languages & Lit,"Parkes,Lisa Caroline",4,0,0,0,0,0,0,2020,Spring,4
1284,GERMAN 111,Translating German,Germanic Languages & Lit,"Parkes,Lisa Caroline",4,2,0,1,0,0,0,2020,Spring,7
1285,GERMAN 153,Postwall German Cinema,Germanic Languages & Lit,"Rentschler,Eric",1,0,0,0,0,0,0,2020,Spring,1
1286,GERMAN 171,Katastrophe Erzählen,Germanic Languages & Lit,"Zumbusch,Cornelia",0,2,0,0,0,0,0,2020,Spring,2
1287,GERMAN 185,Heinrich von Kleist,Germanic Languages & Lit,Unknown,0,0,0,0,0,0,0,2020,Spring,0
1288,GERMAN 20AB,Intermediate German: Intensive,Germanic Languages & Lit,"Parkes,Lisa Caroline",4,0,0,3,0,0,0,2020,Spring,7
1289,GERMAN 20B,Intermediate German,Germanic Languages & Lit,"Parkes,Lisa Caroline",11,0,0,1,0,0,0,2020,Spring,12
1290,GERMAN 210,Baroque,Germanic Languages & Lit,"Burgard,Peter J.",0,3,0,0,0,0,0,2020,Spring,3
1291,GERMAN 230,Fontanes Romane,Germanic Languages & Lit,"Zumbusch,Cornelia",0,1,0,0,0,0,0,2020,Spring,1
1292,GERMAN 287,Kafka in Paris,Germanic Languages & Lit,"Hamilton,John T.",4,2,0,0,0,0,0,2020,Spring,6
1293,GERMAN 300,Dissertation,Germanic Languages & Lit,"Burgard,Peter J.",0,1,0,0,0,0,0,2020,Spring,1
1294,GERMAN 300,Dissertation,Germanic Languages & Lit,"Hamilton,John T.",0,8,0,0,0,0,0,2020,Spring,8
1295,GERMAN 300,Dissertation,Germanic Languages & Lit,"Kirakosian,Racha",0,1,0,0,0,0,0,2020,Spring,1
1296,GERMAN 300,Dissertation,Germanic Languages & Lit,"Rentschler,Eric",0,2,0,0,0,0,0,2020,Spring,2
1297,GERMAN 300,Dissertation,Germanic Languages & Lit,"Suetterlin,Nicole",0,1,0,0,0,0,0,2020,Spring,1
1298,GERMAN 310,Teaching,Germanic Languages & Lit,"Burgard,Peter J.",0,12,0,0,0,0,0,2020,Spring,12
1299,GERMAN 320,Course-Related Work,Germanic Languages & Lit,"Burgard,Peter J.",0,4,0,0,0,0,0,2020,Spring,4
1300,GERMAN 330,Research-Related Work,Germanic Languages & Lit,"Burgard,Peter J.",0,1,0,0,0,0,0,2020,Spring,1
1301,GERMAN 340,Independent Study,Germanic Languages & Lit,"Hamilton,John T.",0,1,0,0,0,0,0,2020,Spring,1
1302,GERMAN 63,Germany and Europe,Germanic Languages & Lit,"Schwakopf,Nadine",9,3,0,1,0,0,0,2020,Spring,13
1303,GERMAN 90R,Dutch,Germanic Languages & Lit,"Parkes,Lisa Caroline",1,2,0,1,0,0,0,2020,Spring,4
1304,GERMAN 99B,Tutorial - Senior Year,Germanic Languages & Lit,"Parkes,Lisa Caroline",2,0,0,0,0,0,0,2020,Spring,2
1305,GERMAN AX,German for Reading Knowledge,Germanic Languages & Lit,"Parkes,Lisa Caroline",5,5,0,2,0,0,0,2020,Spring,12
1311,GIKUYU AA,Elementary Gikuyu,African & African Amer Studies,"Mugane,John M",3,0,0,0,0,0,0,2020,Spring,3
1312,GIKUYU AB,Elementary Gikuyu,African & African Amer Studies,"Mugane,John M",1,1,0,0,0,0,0,2020,Spring,2
1386,GREEK 10,Intro. to Ancient Greek Lit.,"Classics, The","Livingston,Ivy",5,1,0,0,0,0,0,2020,Spring,6
1387,GREEK 110,Plato,"Classics, The","Rosen,Jacob J.",5,4,0,1,0,0,0,2020,Spring,10
1388,GREEK 111,Euripides,"Classics, The","Konieczny,Michael Leonard",1,0,0,0,0,0,0,2020,Spring,1
1389,GREEK 1X,Accel. Intro. Ancient Greek 1,"Classics, The","Livingston,Ivy",2,2,1,0,0,0,0,2020,Spring,5
1390,GREEK 2,Introductory Ancient Greek 2,"Classics, The","Livingston,Ivy",3,2,1,0,0,0,0,2020,Spring,6
1391,GREEK 201,Reading Greek,"Classics, The","Nagy,Gregory",0,5,0,0,0,0,0,2020,Spring,5
1392,GREEK AX,Ancient Greek Review & Reading,"Classics, The","Livingston,Ivy",4,0,0,0,0,0,0,2020,Spring,4
1393,GREEK H,Intro Greek Prose Composition,"Classics, The","Livingston,Ivy",0,2,0,0,0,0,0,2020,Spring,2
1394,GULLAH AB,Elementary Gullah,African & African Amer Studies,"Mugane,John M",4,0,0,0,0,0,0,2020,Spring,4
1395,GULLAH BB,Intermediate Gullah,African & African Amer Studies,"Mugane,John M",2,0,0,0,0,0,0,2020,Spring,2
1449,HAUSA AB,Elementary Hausa,African & African Amer Studies,"Mugane,John M",1,1,0,0,0,0,0,2020,Spring,2
1511,HEBREW 131,Four Jewish Classics,Near Eastern Languages & Civ,"Stern,David",2,0,0,0,0,0,0,2020,Spring,2
1512,HIND-URD 101B,Introductory Hindi-Urdu,South Asian Studies,"Delacy,Richard Somers",8,0,0,3,0,0,0,2020,Spring,11
1513,HIND-URD 101B,Introductory Hindi-Urdu,South Asian Studies,"Kovacs,Hajnalka",4,0,0,4,0,0,0,2020,Spring,8
1514,HIND-URD 102B,Intermediate Hindi-Urdu,South Asian Studies,"Delacy,Richard Somers",6,2,0,1,0,0,0,2020,Spring,9
1515,HIND-URD 103BR,Advanced Hindi-Urdu,South Asian Studies,"Kovacs,Hajnalka",1,0,0,0,0,0,0,2020,Spring,1
1516,HIND-URD 105R,Topics in Hindi-Urdu Literatur,South Asian Studies,"Kovacs,Hajnalka",0,1,1,2,0,0,0,2020,Spring,4
1517,HIND-URD 107,Readings in Urdu Discursive Pr,South Asian Studies,"Kovacs,Hajnalka",2,3,0,0,0,0,0,2020,Spring,5
1518,HIND-URD 91R,Hindi-Urdu Supervised Readings,South Asian Studies,"Delacy,Richard Somers",2,0,0,0,0,0,0,2020,Spring,2
1723,IGBO 101BR,Advanced Igbo II,African & African Amer Studies,"Mugane,John M",4,0,0,0,0,0,0,2020,Spring,4
1724,IGBO AB,Elementary Igbo,African & African Amer Studies,"Mugane,John M",9,0,0,2,0,0,0,2020,Spring,11
1725,IGBO BB,Intermediate Igbo,African & African Amer Studies,"Mugane,John M",7,0,0,0,0,0,0,2020,Spring,7
1764,IRISH 201R,Continuing Old Irish,Celtic Languages & Literatures,"Nagy,Joseph F",2,2,0,0,0,1,0,2020,Spring,5
1765,IRISH 206R,Studies in Early Irish Texts,Celtic Languages & Literatures,"Nagy,Joseph F",0,1,0,0,0,0,0,2020,Spring,1
1770,ITAL 10,Beginning Italian I,Romance Languages & Lit,"DiFabio,Elvira G.",5,2,0,1,0,0,0,2020,Spring,8
1771,ITAL 11,Beginning Italian II,Romance Languages & Lit,"DiFabio,Elvira G.",5,0,0,0,0,0,0,2020,Spring,5
1772,ITAL 11,Beginning Italian II,Romance Languages & Lit,"DiFabio,Elvira G.",14,0,0,0,0,0,0,2020,Spring,14
1773,ITAL 139,Poetry and Visuality in 20th c,Romance Languages & Lit,"Colucci,Dalila",4,1,0,0,0,0,0,2020,Spring,5
1774,ITAL 15,Intensive Beginning Italian,Romance Languages & Lit,"DiFabio,Elvira G.",3,2,0,2,0,0,0,2020,Spring,7
1775,ITAL 20,Intermediate Italian,Romance Languages & Lit,"DiFabio,Elvira G.",1,0,0,1,0,0,0,2020,Spring,2
1776,ITAL 201R,Italian Studies Colloquium,Romance Languages & Lit,"Erspamer,Francesco",0,2,0,0,0,0,0,2020,Spring,2
1777,ITAL 30,Upper-Level Italian,Romance Languages & Lit,"DiFabio,Elvira G.",7,1,0,0,0,0,0,2020,Spring,8
1778,ITAL 320,Italian Literature,Romance Languages & Lit,"Camozzi Pistoja,Ambrogio",0,2,0,0,0,0,0,2020,Spring,2
1779,ITAL 50,Advanced Italian II,Romance Languages & Lit,"DiFabio,Elvira G.",6,0,0,0,0,0,0,2020,Spring,6
1780,JAMAICAN 101BR,Advanced Jamaican Patois II,African & African Amer Studies,"Mugane,John M",0,0,0,0,0,0,0,2020,Spring,0
1781,JAPAN 106C,Later Classical Japanese,East Asian Langs & Civ,"Cranston,Edwin A.",2,0,0,0,0,0,0,2020,Spring,2
1782,JAPAN 120B,Intermediate Japanese I,East Asian Langs & Civ,"Asakura,Naomi",6,7,0,1,0,0,0,2020,Spring,14
1783,JAPAN 120B,Intermediate Japanese I,East Asian Langs & Civ,"Asakura,Naomi",1,2,0,0,0,1,0,2020,Spring,4
1784,JAPAN 120B,Intermediate Japanese I,East Asian Langs & Civ,"Asakura,Naomi",3,4,0,0,0,0,0,2020,Spring,7
1785,JAPAN 130B,Intermediate Japanese II,East Asian Langs & Civ,"Graham,Tomoko Amano",2,4,0,1,0,0,0,2020,Spring,7
1786,JAPAN 130B,Intermediate Japanese II,East Asian Langs & Civ,"Graham,Tomoko Amano",5,1,0,0,0,0,0,2020,Spring,6
1787,JAPAN 140B,Advanced Modern Japanese,East Asian Langs & Civ,"Shingu,Ikue",1,3,0,1,0,1,0,2020,Spring,6
1788,JAPAN 140B,Advanced Modern Japanese,East Asian Langs & Civ,"Shingu,Ikue",2,2,0,0,0,0,0,2020,Spring,4
1789,JAPAN 150B,Reads & Discus Jpn Soc Sci,East Asian Langs & Civ,"Shingu,Ikue",2,4,1,0,0,0,0,2020,Spring,7
1790,JAPAN 300,Reading and Research,East Asian Langs & Civ,"Yoda,Tomiko",0,1,0,0,0,0,0,2020,Spring,1
1791,JAPAN 300,Reading and Research,East Asian Langs & Civ,"Howell,David L",0,3,0,0,0,0,0,2020,Spring,3
1792,JAPAN BB,Elementary Japanese,East Asian Langs & Civ,"Kageyama-Hunt,Yuko",9,12,0,2,0,0,0,2020,Spring,23
1793,JAPAN BB,Elementary Japanese,East Asian Langs & Civ,"Kageyama-Hunt,Yuko",7,5,0,2,0,0,0,2020,Spring,14
1794,JAPAN BB,Elementary Japanese,East Asian Langs & Civ,"Kageyama-Hunt,Yuko",4,2,0,4,0,0,1,2020,Spring,9
1799,KAMBA AB,Elementary Kamba,African & African Amer Studies,"Mugane,John M",0,1,0,0,0,0,0,2020,Spring,1
1800,KOREAN 120B,Intermediate Korean,East Asian Langs & Civ,"Lee,Joungmok",9,0,0,1,0,0,0,2020,Spring,10
1801,KOREAN 123XB,Int. Korean for Adv. Beg.,East Asian Langs & Civ,"Kim,Hi-Sun Helen",13,0,0,0,0,0,0,2020,Spring,13
1802,KOREAN 130B,Pre-advanced Korean,East Asian Langs & Civ,"Jung,Heeyeong",9,3,0,1,0,0,0,2020,Spring,13
1803,KOREAN 140B,Advanced Korean,East Asian Langs & Civ,"Lee,Joungmok",4,2,0,0,0,0,0,2020,Spring,6
1804,KOREAN 150B,Readings in Cultural Studies,East Asian Langs & Civ,"Lee,Joungmok",1,0,0,0,0,0,0,2020,Spring,1
1805,KOREAN 300,Reading and Research,East Asian Langs & Civ,"Eckert,Carter J.",0,2,0,0,0,0,0,2020,Spring,2
1806,KOREAN 300,Reading and Research,East Asian Langs & Civ,"Park,Si Nae",0,1,0,0,0,0,0,2020,Spring,1
1807,KOREAN BA,Elementary Korean,East Asian Langs & Civ,"Jung,Heeyeong",10,2,0,0,0,0,2,2020,Spring,10
1808,KOREAN BB,Elementary Korean,East Asian Langs & Civ,"Kim,Hi-Sun Helen",9,4,0,1,0,0,0,2020,Spring,14
1809,KOREAN BB,Elementary Korean,East Asian Langs & Civ,"Kim,Hi-Sun Helen",20,2,0,1,0,0,0,2020,Spring,23
1815,LATIN 10,Intro. to Latin Literature,"Classics, The","Livingston,Ivy",8,0,0,0,0,0,0,2020,Spring,8
1816,LATIN 106C,Aeneid 712,"Classics, The","Thomas,Richard F.",11,0,0,0,0,0,0,2020,Spring,11
1817,LATIN 112B,History of Latin Literature II,"Classics, The","Love,Rachel",6,0,0,0,0,0,0,2020,Spring,6
1818,LATIN 115,Tacitus' Annals,"Classics, The","Morgan,Harry Benjamin",5,0,0,0,0,0,0,2020,Spring,5
1819,LATIN 1X,Accelerated Intro. Latin 1,"Classics, The","Livingston,Ivy",3,4,0,1,0,0,0,2020,Spring,8
1820,LATIN 2,Introductory Latin 2,"Classics, The","Livingston,Ivy",13,1,0,0,0,0,0,2020,Spring,14
1821,LATIN K,Adv. Latin Prose Composition,"Classics, The","Konieczny,Michael Leonard",2,5,0,1,0,0,0,2020,Spring,8
1855,MANCHU B,Elementary Manchu,East Asian Langs & Civ,"Elliott,Mark C.",0,3,0,0,0,0,0,2020,Spring,3
1966,MEDLATIN 10,Intro. to Medieval Latin Lit.,"Classics, The","Trettel,Adam Michael",4,4,0,0,0,0,0,2020,Spring,8
1967,MEDLATIN 259,Venantius Fortunatus,"Classics, The","Trettel,Adam Michael",0,1,0,0,0,0,0,2020,Spring,1
1997,MOD-HEB 120B,Intermediate Modern Hebrew II,Near Eastern Languages & Civ,"Aharony,Irit",0,1,0,0,0,0,0,2020,Spring,1
1998,MOD-HEB 130B,Advanced Modern Hebrew II,Near Eastern Languages & Civ,"Aharony,Irit",10,1,0,1,0,0,0,2020,Spring,12
1999,MOD-HEB BB,Elementary Modern Hebrew II,Near Eastern Languages & Civ,"Aharony,Irit",5,1,0,3,0,0,0,2020,Spring,9
2000,MODGRK 100,Advanced Modern Greek,"Classics, The","Dourou,Calliopi Ioannis",7,1,0,0,0,0,0,2020,Spring,8
2001,MODGRK 167,Hist Grk Lit: 11th to 17th,"Classics, The","Roilos,Panagiotis",0,2,0,0,0,0,0,2020,Spring,2
2002,MODGRK 90,Modern Greek Language Tutorial,"Classics, The","Dourou,Calliopi Ioannis",1,2,0,0,0,0,0,2020,Spring,3
2003,MODGRK AB,Elementary Modern Greek,"Classics, The","Dourou,Calliopi Ioannis",6,0,0,1,0,0,0,2020,Spring,7
2004,MODGRK BB,Intermediate Modern Greek,"Classics, The","Dourou,Calliopi Ioannis",4,1,0,1,0,0,0,2020,Spring,6
2076,NEP 101B,Introductory Nepali,South Asian Studies,"Delacy,Richard Somers",1,0,0,0,0,0,0,2020,Spring,1
2199,PERSIAN 130BR,Persian Lit & Hist Texts,Near Eastern Languages & Civ,"Dayani,Sheida",1,1,1,0,0,0,0,2020,Spring,3
2200,PERSIAN 152,Persian Epic Tradition,Near Eastern Languages & Civ,"Landau,Justine Karen",3,1,0,1,0,0,0,2020,Spring,5
2201,PERSIAN 252,Classical Persian Literature,Near Eastern Languages & Civ,"Landau,Justine Karen",0,3,0,0,0,0,0,2020,Spring,3
2202,PERSIAN 300,Persian Language & Literature,Near Eastern Languages & Civ,"Landau,Justine Karen",0,1,0,0,0,0,0,2020,Spring,1
2203,PERSIAN AB,Elementary Persian II,Near Eastern Languages & Civ,"Dayani,Sheida",2,5,0,2,0,0,0,2020,Spring,9
2204,PERSIAN BB,Intermediate Persian II,Near Eastern Languages & Civ,"Dayani,Sheida",1,3,1,0,0,0,0,2020,Spring,5
2354,PLSH AB,Elementary Polish II,Slavic Languages & Literatures,"Baranczak,Anna",3,3,0,0,0,0,0,2020,Spring,6
2355,PLSH BB,Intermediate Polish II,Slavic Languages & Literatures,"Baranczak,Anna",0,1,0,0,0,0,0,2020,Spring,1
2356,PORTUG 10S,Portuguese for Spanish Spkrs I,Romance Languages & Lit,"Gontijo,Viviane",3,1,0,0,0,0,0,2020,Spring,4
2357,PORTUG 11,Beginning Portuguese II,Romance Languages & Lit,"Cruz,Benedict",3,0,1,0,0,0,0,2020,Spring,4
2358,PORTUG 11S,Begin. Portug for Spnsh Spkrs,Romance Languages & Lit,"Cruz,Benedict",4,0,0,0,0,0,0,2020,Spring,4
2359,PORTUG 11S,Begin. Portug for Spnsh Spkrs,Romance Languages & Lit,"Cruz,Benedict",2,2,0,2,0,0,0,2020,Spring,6
2360,PORTUG 123B,Portuguese Literary Studies II,Romance Languages & Lit,"Blackmore,Josiah",1,3,0,0,0,0,0,2020,Spring,4
2361,PORTUG 15,Intensive Beginning Portuguese,Romance Languages & Lit,"Gontijo,Viviane",6,0,0,0,0,0,0,2020,Spring,6
2362,PORTUG 20,Intermediate Portuguese,Romance Languages & Lit,"Gontijo,Viviane",3,0,0,0,0,0,0,2020,Spring,3
2363,PORTUG 30,Upper-Level Portuguese,Romance Languages & Lit,"Gontijo,Viviane",6,0,0,0,0,0,0,2020,Spring,6
2364,PORTUG 322,Literature of Portugal,Romance Languages & Lit,"Blackmore,Josiah",0,3,0,0,0,0,0,2020,Spring,3
2365,PORTUG 59,Portuguese and the Community,Romance Languages & Lit,"Gontijo,Viviane",3,0,0,0,0,0,1,2020,Spring,2
2366,PORTUG 91R,Supervised Reading & Research,Romance Languages & Lit,"Gontijo,Viviane",1,0,0,0,0,0,0,2020,Spring,1
2566,RUSS 103,Advanced Russian II,Slavic Languages & Literatures,"Egorova,Veronika A.",10,2,0,0,0,0,0,2020,Spring,12
2567,RUSS 103,Advanced Russian II,Slavic Languages & Literatures,"Egorova,Veronika A.",1,0,0,0,0,0,0,2020,Spring,1
2568,RUSS 112,Advanced Russian,Slavic Languages & Literatures,"Pokrovsky,Natalia",4,3,0,0,0,0,0,2020,Spring,7
2569,RUSS 114,Advanced Russian,Slavic Languages & Literatures,"Pokrovsky,Natalia",0,6,0,1,0,0,0,2020,Spring,7
2570,RUSS 115,Advanced Russian,Slavic Languages & Literatures,"Egorova,Veronika A.",0,3,0,0,0,0,0,2020,Spring,3
2571,RUSS AAB,Elementary Russian (Intensive),Slavic Languages & Literatures,"Chirkov,Natalia Georgievna",6,0,0,2,0,0,0,2020,Spring,8
2572,RUSS AB,Elementary Russian II,Slavic Languages & Literatures,"Clancy,Steven",5,0,0,1,0,0,0,2020,Spring,6
2573,RUSS AB,Elementary Russian II,Slavic Languages & Literatures,"Clancy,Steven",7,1,0,0,0,1,0,2020,Spring,9
2574,RUSS BAB,Intermediate Russian (Intensiv,Slavic Languages & Literatures,"Chirkov,Natalia Georgievna",6,2,0,1,0,0,0,2020,Spring,9
2575,RUSS BB,Intermediate Russian II,Slavic Languages & Literatures,"Clancy,Steven",8,0,0,0,0,0,0,2020,Spring,8
2576,SANSKRIT 101B,Elementary Sanskrit,South Asian Studies,"Hawley,Nell Shapiro",5,2,0,2,0,1,0,2020,Spring,10
2577,SANSKRIT 102BR,Intermediate Sanskrit II,South Asian Studies,"Hawley,Nell Shapiro",0,4,0,3,0,0,0,2020,Spring,7
2578,SANSKRIT 201BR,Adv Philosophical Sanskrit,South Asian Studies,"Hawley,Nell Shapiro",1,5,0,1,0,0,0,2020,Spring,7
2579,SANSKRIT 250R,Nth Year Sanskrit: Seminar,South Asian Studies,"Patil,Parimal G.",0,4,0,0,0,0,0,2020,Spring,4
2580,SANSKRIT 301,Reading and Research,South Asian Studies,"Patil,Parimal G.",0,0,0,0,0,0,0,2020,Spring,0
2581,SANSKRIT 310,Doctoral Dissertations,South Asian Studies,"Patil,Parimal G.",0,2,0,0,0,0,0,2020,Spring,2
2594,SCAND 90R.A,Danish,Germanic Languages & Lit,"Broome,Agnes",3,0,0,1,0,0,0,2020,Spring,4
2619,SHONA 101BR,Advanced Shona II,African & African Amer Studies,"Mugane,John M",2,0,0,0,0,0,0,2020,Spring,2
2715,SOMALI 101BR,Advanced Somali II,African & African Amer Studies,"Mugane,John M",0,0,0,0,0,0,0,2020,Spring,0
2716,SPANSH 10,Beginning Spanish I,Romance Languages & Lit,"Mendez Seijas,Jorge",9,0,0,2,0,0,0,2020,Spring,11
2717,SPANSH 11,Beginning Spanish II,Romance Languages & Lit,"Mendez Seijas,Jorge",14,1,0,0,0,0,0,2020,Spring,15
2718,SPANSH 11,Beginning Spanish II,Romance Languages & Lit,"Mendez Seijas,Jorge",8,0,0,0,0,0,0,2020,Spring,8
2719,SPANSH 11,Beginning Spanish II,Romance Languages & Lit,"Mendez Seijas,Jorge",18,0,0,1,0,0,0,2020,Spring,19
2720,SPANSH 11,Beginning Spanish II,Romance Languages & Lit,"Mendez Seijas,Jorge",13,0,0,0,0,0,0,2020,Spring,13
2721,SPANSH 11,Beginning Spanish II,Romance Languages & Lit,"Mendez Seijas,Jorge",14,0,0,0,0,0,0,2020,Spring,14
2722,SPANSH 11,Beginning Spanish II,Romance Languages & Lit,"Mendez Seijas,Jorge",13,0,0,0,0,0,0,2020,Spring,13
2723,SPANSH 123,Afro-Latin Am: Hist & Culture,Romance Languages & Lit,"Sommer,Doris",10,0,0,0,0,0,0,2020,Spring,10
2724,SPANSH 15,Intensive Beginning Spanish,Romance Languages & Lit,"Parra-Velasco,Maria Luisa",8,0,0,0,0,0,0,2020,Spring,8
2725,SPANSH 165,Bilingual Arts,Romance Languages & Lit,"Sommer,Doris",14,1,1,1,0,0,0,2020,Spring,17
2726,SPANSH 171,Barcelona and Catalan Culture,Romance Languages & Lit,"Obis Monne,Aina",13,0,0,0,0,0,0,2020,Spring,13
2727,SPANSH 20,Intermediate Spanish,Romance Languages & Lit,"Gutierrez,Adriana",13,0,0,2,0,0,0,2020,Spring,15
2728,SPANSH 20,Intermediate Spanish,Romance Languages & Lit,"Gutierrez,Adriana",7,0,0,0,0,0,0,2020,Spring,7
2729,SPANSH 20,Intermediate Spanish,Romance Languages & Lit,"Gutierrez,Adriana",12,1,0,2,0,0,0,2020,Spring,15
2730,SPANSH 20,Intermediate Spanish,Romance Languages & Lit,"Gutierrez,Adriana",13,0,0,1,0,0,0,2020,Spring,14
2731,SPANSH 20,Intermediate Spanish,Romance Languages & Lit,"Gutierrez,Adriana",13,1,0,0,0,0,0,2020,Spring,14
2732,SPANSH 20,Intermediate Spanish,Romance Languages & Lit,"Gutierrez,Adriana",9,1,0,0,0,0,0,2020,Spring,10
2733,SPANSH 20,Intermediate Spanish,Romance Languages & Lit,"Gutierrez,Adriana",9,0,0,0,0,0,0,2020,Spring,9
2734,SPANSH 270,Politics of the Poem,Romance Languages & Lit,"Aguirre-Oteiza,Daniel",2,5,0,0,0,0,0,2020,Spring,7
2735,SPANSH 30,Upper-level Spanish,Romance Languages & Lit,"Liander,Johanna Damgaard",6,0,0,1,0,0,0,2020,Spring,7
2736,SPANSH 30,Upper-level Spanish,Romance Languages & Lit,"Liander,Johanna Damgaard",14,0,0,0,0,0,0,2020,Spring,14
2737,SPANSH 30,Upper-level Spanish,Romance Languages & Lit,"Liander,Johanna Damgaard",15,0,0,0,0,0,0,2020,Spring,15
2738,SPANSH 30,Upper-level Spanish,Romance Languages & Lit,"Liander,Johanna Damgaard",15,0,0,0,0,0,0,2020,Spring,15
2739,SPANSH 30,Upper-level Spanish,Romance Languages & Lit,"Liander,Johanna Damgaard",12,0,0,0,0,0,0,2020,Spring,12
2740,SPANSH 30,Upper-level Spanish,Romance Languages & Lit,"Liander,Johanna Damgaard",13,0,0,0,0,0,0,2020,Spring,13
2741,SPANSH 320,Spanish & Hispanic-American Li,Romance Languages & Lit,"Sorensen,Diana",0,1,0,0,0,0,0,2020,Spring,1
2742,SPANSH 330,Doctoral Dissertations,Romance Languages & Lit,"Siskind,Mariano",0,2,0,0,0,0,0,2020,Spring,2
2743,SPANSH 40,Advanced Spanish Language I,Romance Languages & Lit,"Liander,Johanna Damgaard",15,0,0,2,0,0,0,2020,Spring,17
2744,SPANSH 40,Advanced Spanish Language I,Romance Languages & Lit,"Liander,Johanna Damgaard",7,0,0,0,0,0,0,2020,Spring,7
2745,SPANSH 40,Advanced Spanish Language I,Romance Languages & Lit,"Liander,Johanna Damgaard",12,0,0,0,0,0,0,2020,Spring,12
2746,SPANSH 40,Advanced Spanish Language I,Romance Languages & Lit,"Liander,Johanna Damgaard",10,0,0,2,0,0,0,2020,Spring,12
2747,SPANSH 50,Advanced Spanish II,Romance Languages & Lit,"Gutierrez,Adriana",14,0,0,0,0,0,0,2020,Spring,14
2748,SPANSH 50,Advanced Spanish II,Romance Languages & Lit,"Gutierrez,Adriana",7,0,0,0,0,0,0,2020,Spring,7
2749,SPANSH 50,Advanced Spanish II,Romance Languages & Lit,"Gutierrez,Adriana",16,0,0,0,0,0,0,2020,Spring,16
2750,SPANSH 59,Spanish and the Community,Romance Languages & Lit,"Parra-Velasco,Maria Luisa",15,0,0,0,0,0,0,2020,Spring,15
2751,SPANSH 59H,Spanish for Latino Students II,Romance Languages & Lit,"Parra-Velasco,Maria Luisa",13,0,0,0,0,0,0,2020,Spring,13
2752,SPANSH 61PH,Spanish for Public Health,Romance Languages & Lit,"Gutierrez,Adriana",13,0,0,1,0,0,0,2020,Spring,14
2753,SPANSH 61PH,Spanish for Public Health,Romance Languages & Lit,"Gutierrez,Adriana",12,0,0,1,0,0,0,2020,Spring,13
2754,SPANSH 80T,Translation Wrkshp Spain 20th,Romance Languages & Lit,"Aguirre-Oteiza,Daniel",14,0,0,0,0,0,0,2020,Spring,14
2790,SUDANESE 101BR,Advance Sudanese Arabic II,African & African Amer Studies,"Mugane,John M",0,2,0,0,0,0,0,2020,Spring,2
2791,SUDANESE BB,Sudanese Arabic,African & African Amer Studies,"Mugane,John M",0,0,0,1,0,0,0,2020,Spring,1
2792,SWAHILI 101BR,Reading in Swahili II,African & African Amer Studies,"Mugane,John M",7,0,0,1,0,0,0,2020,Spring,8
2793,SWAHILI AB,Elementary Swahili,African & African Amer Studies,"Mugane,John M",9,1,0,3,0,0,0,2020,Spring,13
2794,SWAHILI BB,Intermediate Swahili,African & African Amer Studies,"Mugane,John M",2,0,0,0,0,0,0,2020,Spring,2
2795,SWEDISH 10B,Beginning Swedish Lang and Lit,Germanic Languages & Lit,"Broome,Agnes",8,0,0,0,0,0,0,2020,Spring,8
2796,SWEDISH 20B,Intermediate Swedish,Germanic Languages & Lit,"Broome,Agnes",2,0,0,0,0,0,0,2020,Spring,2
2797,SYRIAC 130B,Advanced Syriac,Near Eastern Languages & Civ,"Stang,Charles",0,3,0,0,0,0,0,2020,Spring,3
2798,SYRIAC BB,Intermediate Syriac II,Near Eastern Languages & Civ,"Possekel,Ute",0,1,0,0,0,0,0,2020,Spring,1
2837,TAM 101B,Elementary Tamil,South Asian Studies,"Ripley,Jonathan Daniel",3,1,0,1,0,0,0,2020,Spring,5
2838,TAM 102B,Intermediate Tamil,South Asian Studies,"Ripley,Jonathan Daniel",1,0,0,1,0,0,0,2020,Spring,2
2839,TAM 103BR,Advanced Tamil,South Asian Studies,"Ripley,Jonathan Daniel",1,3,0,0,0,0,0,2020,Spring,4
2840,TAM 91R,Tamil Supervised Readings,South Asian Studies,"Ripley,Jonathan Daniel",0,1,0,0,0,0,0,2020,Spring,1
2865,THI 101B,Introductory Thai II,South Asian Studies,"Delacy,Richard Somers",0,0,0,0,0,0,0,2020,Spring,0
2866,THI 102B,Intermediate Thai II,South Asian Studies,"Delacy,Richard Somers",2,0,0,0,0,0,0,2020,Spring,2
2867,THI 103BR,Readings in Thai II,South Asian Studies,"Delacy,Richard Somers",2,0,0,0,0,0,0,2020,Spring,2
2868,TIBET 101B,Elementary Classical Tibetan,South Asian Studies,"van der Kuijp,Leonard Willem Johannes",0,0,0,2,0,0,0,2020,Spring,2
2869,TIBET 102B,Intermediate Classical Tibetan,South Asian Studies,"van der Kuijp,Leonard Willem Johannes",0,2,0,1,0,0,0,2020,Spring,3
2870,TIBET 104BR,Elementary Colloquial Tibetan,South Asian Studies,"Delacy,Richard Somers",0,1,0,1,0,0,0,2020,Spring,2
2871,TIBET 105BR,Intermed Colloquial Tibetan,South Asian Studies,"Delacy,Richard Somers",0,1,0,1,0,0,0,2020,Spring,2
2872,TIBET 106BR,Advanced Colloquial Tibetan,South Asian Studies,"Delacy,Richard Somers",0,2,0,0,0,0,0,2020,Spring,2
2873,TIBET 211,Readings of Dar ma rgyal...,South Asian Studies,"van der Kuijp,Leonard Willem Johannes",0,2,0,2,0,0,0,2020,Spring,4
2874,TIBET 212,Readings in Gser mdog Pa?...,South Asian Studies,"van der Kuijp,Leonard Willem Johannes",0,1,0,0,0,0,0,2020,Spring,1
2875,TIBET 300,Reading and Research,South Asian Studies,"van der Kuijp,Leonard Willem Johannes",0,2,0,0,0,0,0,2020,Spring,2
2876,TIGRINYA AB,Elementary Tigrinya,African & African Amer Studies,"Mugane,John M",3,0,0,0,0,0,0,2020,Spring,3
2877,TIGRINYA BB,Intermediate Tigrinya,African & African Amer Studies,"Mugane,John M",2,1,0,1,0,0,0,2020,Spring,4
2878,TURKISH 120B,Intermediate Modern Turkish II,Near Eastern Languages & Civ,"Demir,Meryem",0,0,0,0,0,0,0,2020,Spring,0
2879,TURKISH 130B,Advanced Modern Turkish II,Near Eastern Languages & Civ,"Taskomur,Himmet",1,1,0,0,0,0,0,2020,Spring,2
2880,TURKISH 140B,Intro to Ottoman Turkish II,Near Eastern Languages & Civ,"Taskomur,Himmet",0,3,0,0,0,0,0,2020,Spring,3
2881,TURKISH 150B,Advanced Ottoman Turkish II,Near Eastern Languages & Civ,"Taskomur,Himmet",0,3,0,0,0,0,0,2020,Spring,3
2882,TURKISH AB,Elementary Modern Turkish II,Near Eastern Languages & Civ,"Demir,Meryem",2,5,0,1,0,0,0,2020,Spring,8
2883,TWI 101BR,Reading in Twi II,African & African Amer Studies,"Mugane,John M",3,0,0,0,0,0,0,2020,Spring,3
2884,TWI AB,Elementary Twi,African & African Amer Studies,"Mugane,John M",7,0,0,0,0,0,0,2020,Spring,7
2885,TWI BB,Intermediate Twi,African & African Amer Studies,"Mugane,John M",3,0,0,0,0,0,0,2020,Spring,3
2886,UKRA BR,Intermediate Ukrainian,Slavic Languages & Literatures,"Dibrova,Volodymyr",0,1,0,0,0,0,0,2020,Spring,1
2887,UYGHUR A,Elementary Uyghur,East Asian Langs & Civ,"Gulina,Aizezi",0,1,0,3,0,0,0,2020,Spring,4
2888,VIETNAM 140B,Advanced-High Vietnamese,East Asian Langs & Civ,"Ngo,Binh",0,1,0,0,0,0,0,2020,Spring,1
2889,VIETNAM BB,Elementary Vietnamese,East Asian Langs & Civ,"Ngo,Binh",3,0,0,1,0,1,0,2020,Spring,5
2901,WELSH 129R,Intermediate Modern Welsh,Celtic Languages & Literatures,"McKenna,Catherine",1,1,0,0,0,0,0,2020,Spring,2
2902,WELSH 227,Welsh Bardic Poetry,Celtic Languages & Literatures,"McKenna,Catherine",0,3,0,0,0,0,0,2020,Spring,3
2922,WSTAFRCN 101BR,Adv. West African Pidgin II,African & African Amer Studies,"Mugane,John M",0,0,0,0,0,0,0,2020,Spring,0
2923,WSTAFRCN AB,Elementary West African Pidgin,African & African Amer Studies,"Mugane,John M",19,0,0,0,0,0,0,2020,Spring,19
2924,WSTAFRCN BB,Intermediate West African Pidg,African & African Amer Studies,"Mugane,John M",7,0,0,0,0,0,0,2020,Spring,7
2925,YIDDISH 115,The Yiddish Short Story,Near Eastern Languages & Civ,"Zaritt,Saul",2,0,0,0,0,0,0,2020,Spring,2
2926,YIDDISH 166,Politics of Laughter,Near Eastern Languages & Civ,"Zaritt,Saul",4,0,0,1,0,0,0,2020,Spring,5
2927,YIDDISH AB,Elementary Yiddish II,Near Eastern Languages & Civ,"Feldman,Sara",5,0,0,0,0,0,0,2020,Spring,5
2928,YIDDISH BB,Intermediate Yiddish II,Near Eastern Languages & Civ,"Feldman,Sara",1,2,0,0,0,0,0,2020,Spring,3
2929,YIDDISH CB,Advanced Yiddish II,Near Eastern Languages & Civ,"Feldman,Sara",0,0,0,1,0,0,0,2020,Spring,1
2930,YORUBA 101BR,Reading in Yoruba II,African & African Amer Studies,"Mugane,John M",4,0,0,0,0,0,0,2020,Spring,4
2931,YORUBA AB,Elementary Yoruba,African & African Amer Studies,"Mugane,John M",8,0,0,1,0,0,0,2020,Spring,9
2932,YORUBA BB,Intermediate Yoruba,African & African Amer Studies,"Mugane,John M",1,0,0,1,0,0,0,2020,Spring,2
2933,ZULU 101BR,Advanced Zulu II,African & African Amer Studies,"Mugane,John M",2,1,0,0,0,0,0,2020,Spring,3
2934,ZULU AB,Elementary Zulu,African & African Amer Studies,"Mugane,John M",61,0,0,0,0,0,0,2020,Spring,61
2935,ZULU BB,Intermediate Zulu,African & African Amer Studies,"Mugane,John M",1,0,0,0,0,0,0,2020,Spring,1
23,AFRIKAAN AA,Elementary Afrikaans,African & African Amer Studies,"Mugane,John M",9,0,0,0,0,0,0,2020,Fall,9
24,AFRIKAAN BA,Intermediate Afrikaans,African & African Amer Studies,"Mugane,John M",2,0,0,0,0,0,0,2020,Fall,2
70,AKKAD 144,Akkadian Divination Texts,Near Eastern Languages & Civ,"Steinkeller,Piotr",0,4,0,0,0,0,0,2020,Fall,4
71,AKKAD 156,Neo-Babylonian Inscriptions,Near Eastern Languages & Civ,"Barjamovic,Gojko",0,5,0,0,0,0,0,2020,Fall,5
72,AKKAD 300,Akkadian Language & Literature,Near Eastern Languages & Civ,"Barjamovic,Gojko",0,0,0,1,0,0,0,2020,Fall,1
73,AKKAD AA,Introductory Akkadian I,Near Eastern Languages & Civ,"Barjamovic,Gojko",1,0,0,1,0,0,0,2020,Fall,2
74,AMHARIC 101AR,Advanced Amharic,African & African Amer Studies,"Mugane,John M",2,0,0,1,0,0,0,2020,Fall,3
75,AMHARIC AA,Elementary Amharic,African & African Amer Studies,"Mugane,John M",3,0,0,1,0,0,0,2020,Fall,4
76,AMHARIC BA,Intermediate Amharic,African & African Amer Studies,"Mugane,John M",1,1,0,1,0,0,0,2020,Fall,3
206,ARABIC 130A,Upper-Level Classical Arabic I,Near Eastern Languages & Civ,"Habib,Muhammad Ahmad",2,2,0,1,0,0,0,2020,Fall,5
207,ARABIC 131A,Upper-Level Modern Arabic l,Near Eastern Languages & Civ,"Korica Sullivan,Nevenka",6,1,0,0,0,0,0,2020,Fall,7
208,ARABIC 131A,Upper-Level Modern Arabic l,Near Eastern Languages & Civ,"Korica Sullivan,Nevenka",6,1,0,1,0,0,0,2020,Fall,8
209,ARABIC 241AR,Advanced Modern Arabic Bridge,Near Eastern Languages & Civ,"Habib,Muhammad Ahmad",2,6,0,1,0,0,0,2020,Fall,9
210,ARABIC 241AR,Advanced Modern Arabic Bridge,Near Eastern Languages & Civ,"Habib,Muhammad Ahmad",8,1,0,1,0,0,0,2020,Fall,10
211,ARABIC 243CR,Arabic Bridge 3: Prose/Poetry,Near Eastern Languages & Civ,"Nasser,Shady Hekmat",0,6,0,2,0,0,0,2020,Fall,8
212,ARABIC 249R,Arabic Philosophical Texts,Near Eastern Languages & Civ,"El-Rouayheb,Khaled",1,4,0,0,0,0,0,2020,Fall,5
213,ARABIC 300,Reading/Research in Arabic,Near Eastern Languages & Civ,"Granara,William",0,1,0,0,0,0,0,2020,Fall,1
214,ARABIC AA,Elementary Arabic I,Near Eastern Languages & Civ,"Habib,Muhammad Ahmad",3,1,0,2,0,0,0,2020,Fall,6
215,ARABIC AA,Elementary Arabic I,Near Eastern Languages & Civ,"Cozzens,Richard",8,1,0,1,0,0,0,2020,Fall,10
216,ARABIC AA,Elementary Arabic I,Near Eastern Languages & Civ,"Habib,Muhammad Ahmad",3,2,0,4,0,0,0,2020,Fall,9
217,ARABIC AA,Elementary Arabic I,Near Eastern Languages & Civ,"Cozzens,Richard",6,2,0,1,0,0,0,2020,Fall,9
218,ARABIC BA,Intermediate Arabic I,Near Eastern Languages & Civ,"Barmada,Nour",11,1,0,0,0,0,0,2020,Fall,12
219,ARABIC BA,Intermediate Arabic I,Near Eastern Languages & Civ,"Barmada,Nour",5,2,0,1,0,0,0,2020,Fall,8
220,ARABIC BA,Intermediate Arabic I,Near Eastern Languages & Civ,"Barmada,Nour",7,2,0,2,0,0,0,2020,Fall,11
221,ARMEN AA,Elem Modern Western Armenian I,Near Eastern Languages & Civ,"Gulesserian,Lisa",1,1,0,0,0,0,0,2020,Fall,2
286,BCS AA,Elementary BCS I,Slavic Languages & Literatures,"Kuzmic,Tatiana",1,2,0,1,0,0,0,2020,Fall,4
287,BCS BA,Intermediate BCS I,Slavic Languages & Literatures,"Kuzmic,Tatiana",1,1,0,0,0,0,0,2020,Fall,2
288,BCS CR,Advanced BCS,Slavic Languages & Literatures,"Kuzmic,Tatiana",2,0,0,0,0,0,0,2020,Fall,2
370,BRETON 122,Introduction to Modern Breton,Celtic Languages & Literatures,"Nagy,Joseph F",1,1,0,0,0,0,0,2020,Fall,2
372,CATALAN 10,Introduction to Catalan,Romance Languages & Lit,"Obis Monne,Aina",0,1,0,0,0,0,0,2020,Fall,1
373,CATALAN 91R,Supervised Reading and Researc,Romance Languages & Lit,"Aguirre-Oteiza,Daniel",1,0,0,0,0,0,0,2020,Fall,1
413,CHAGATAY A,Elementary Chaghatay,East Asian Langs & Civ,"Gulina,Aizezi",0,1,0,0,0,0,0,2020,Fall,1
486,CHNSE 106A,Intro to Literary Chinese,East Asian Langs & Civ,"Sena,David M",3,2,0,3,0,0,0,2020,Fall,8
487,CHNSE 107A,Intermediate Literary Chinese,East Asian Langs & Civ,"Sena,David M",2,4,0,2,0,0,0,2020,Fall,8
488,CHNSE 120A,Intermediate Modern Chinese,East Asian Langs & Civ,"Yang,Bin",18,3,0,2,0,0,1,2020,Fall,22
489,CHNSE 120A,Intermediate Modern Chinese,East Asian Langs & Civ,"Yang,Bin",9,0,0,1,0,0,0,2020,Fall,10
490,CHNSE 120A,Intermediate Modern Chinese,East Asian Langs & Civ,"Yang,Bin",6,1,0,0,0,0,0,2020,Fall,7
491,CHNSE 130A,Pre-Advanced Modern Chinese,East Asian Langs & Civ,"Jia,Fan",12,0,0,1,0,0,0,2020,Fall,13
492,CHNSE 130A,Pre-Advanced Modern Chinese,East Asian Langs & Civ,"Jia,Fan",13,0,0,0,0,0,0,2020,Fall,13
493,CHNSE 130A,Pre-Advanced Modern Chinese,East Asian Langs & Civ,"Jia,Fan",7,0,0,1,0,0,0,2020,Fall,8
494,CHNSE 130XA,Pre-Adv Mod Chin for High-Prof,East Asian Langs & Civ,"Yang,Shunan",10,0,0,1,0,0,0,2020,Fall,11
495,CHNSE 130XA,Pre-Adv Mod Chin for High-Prof,East Asian Langs & Civ,"Yang,Shunan",12,0,0,0,0,1,0,2020,Fall,13
496,CHNSE 140A,Advanced Modern Chinese,East Asian Langs & Civ,"Shao,Xueyin",8,5,0,0,0,0,0,2020,Fall,13
497,CHNSE 140A,Advanced Modern Chinese,East Asian Langs & Civ,"Shao,Xueyin",5,0,0,0,0,1,0,2020,Fall,6
498,CHNSE 140XA,Adv Mod Chin for High-Prof,East Asian Langs & Civ,"Fan,Ya Ting",6,0,0,0,0,1,0,2020,Fall,7
499,CHNSE 140XA,Adv Mod Chin for High-Prof,East Asian Langs & Civ,"Fan,Ya Ting",5,0,0,0,0,0,0,2020,Fall,5
500,CHNSE 142A,Advanced Conversational Chines,East Asian Langs & Civ,"Wang,Dan",7,2,0,0,0,0,0,2020,Fall,9
501,CHNSE 150A,Reads & Disc in Acad Prof Chin,East Asian Langs & Civ,"Wang,Dan",7,1,0,4,0,0,1,2020,Fall,11
502,CHNSE 280,Teaching Chinese,East Asian Langs & Civ,"Liu,Jennifer Li-Chia",0,2,0,8,0,0,0,2020,Fall,10
503,CHNSE 300,Reading and Research,East Asian Langs & Civ,"Bol,Peter K.",0,3,0,0,0,0,0,2020,Fall,3
504,CHNSE 300,Reading and Research,East Asian Langs & Civ,"Li,Wai-yee",0,0,0,0,0,0,0,2020,Fall,0
505,CHNSE 300,Reading and Research,East Asian Langs & Civ,"Tian,Xiaofei",0,4,0,0,0,0,0,2020,Fall,4
506,CHNSE BA,Elementary Modern Chinese,East Asian Langs & Civ,"Yu,Xiaoshi",7,1,0,1,0,0,0,2020,Fall,9
507,CHNSE BA,Elementary Modern Chinese,East Asian Langs & Civ,"Yu,Xiaoshi",10,1,0,0,0,0,1,2020,Fall,10
508,CHNSE BA,Elementary Modern Chinese,East Asian Langs & Civ,"Yu,Xiaoshi",14,1,0,2,0,1,0,2020,Fall,18
509,CHNSE BA,Elementary Modern Chinese,East Asian Langs & Civ,"Yu,Xiaoshi",15,1,0,0,0,0,0,2020,Fall,16
510,CHNSE BA,Elementary Modern Chinese,East Asian Langs & Civ,"Yu,Xiaoshi",4,1,0,0,0,0,1,2020,Fall,4
511,CHNSE BA,Elementary Modern Chinese,East Asian Langs & Civ,"Yu,Xiaoshi",4,0,0,1,0,0,0,2020,Fall,5
512,CHNSE BX,Elem Chinese for Adv Beginners,East Asian Langs & Civ,"Ying,Jie",12,0,0,0,0,0,0,2020,Fall,12
513,CHNSE BX,Elem Chinese for Adv Beginners,East Asian Langs & Civ,"Ying,Jie",12,0,0,0,0,0,0,2020,Fall,12
514,CHNSE BX,Elem Chinese for Adv Beginners,East Asian Langs & Civ,"Ying,Jie",3,0,0,0,0,0,0,2020,Fall,3
521,CLAS-HEB 120A,Intermediate Classical Hebrew,Near Eastern Languages & Civ,"Teeter,Andrew",1,0,0,0,0,0,0,2020,Fall,1
522,CLAS-HEB AA,Elementary Classical Hebrew I,Near Eastern Languages & Civ,"Teeter,Andrew",1,1,0,0,0,0,0,2020,Fall,2
663,CZCH AA,Elementary Czech I,Slavic Languages & Literatures,"Tuckerova,Veronika",4,1,0,0,0,0,0,2020,Fall,5
664,CZCH BA,Intermediate Czech I,Slavic Languages & Literatures,"Tuckerova,Veronika",1,1,0,1,0,0,0,2020,Fall,3
665,CZCH CR,Advanced Czech,Slavic Languages & Literatures,"Tuckerova,Veronika",1,0,0,0,0,0,0,2020,Fall,1
834,EGYPTARB AA,Elementary Egyptian Arabic,African & African Amer Studies,"Mugane,John M",0,0,0,0,0,0,0,2020,Fall,0
835,EGYPTARB BA,Intermediate Egyptian Arabic,African & African Amer Studies,"Mugane,John M",0,1,0,1,0,0,0,2020,Fall,2
836,EGYPTIAN 150,Voices from the Nile,Near Eastern Languages & Civ,"Manuelian,Peter Der",4,0,0,1,0,0,0,2020,Fall,5
837,EGYPTIAN 174,Gender & Ritual Ancient Egypt,Near Eastern Languages & Civ,"Ayad,Mariam",0,4,0,0,0,0,0,2020,Fall,4
838,EGYPTIAN 300,Egyptian Text-Reading,Near Eastern Languages & Civ,"Manuelian,Peter Der",0,1,0,0,0,0,0,2020,Fall,1
1082,FRENCH 10,Beginning French I,Romance Languages & Lit,"Mills,Nicole",6,1,0,0,0,0,0,2020,Fall,7
1083,FRENCH 10,Beginning French I,Romance Languages & Lit,"Mills,Nicole",9,1,0,3,0,0,1,2020,Fall,12
1084,FRENCH 10,Beginning French I,Romance Languages & Lit,"Mills,Nicole",8,1,0,1,0,0,0,2020,Fall,10
1085,FRENCH 10,Beginning French I,Romance Languages & Lit,"Mills,Nicole",7,0,0,2,0,0,0,2020,Fall,9
1086,FRENCH 106,Balzacs Short Stories,Romance Languages & Lit,"Beizer,Janet L.",4,0,0,2,0,0,0,2020,Fall,6
1087,FRENCH 11,Beginning French II,Romance Languages & Lit,"Mills,Nicole",6,1,0,2,0,0,0,2020,Fall,9
1088,FRENCH 147,Inventions of Liberty,Romance Languages & Lit,"Conley,Tom",3,1,0,0,0,0,0,2020,Fall,4
1089,FRENCH 16,Reading French for Research,Romance Languages & Lit,"Mills,Nicole",0,3,0,2,0,0,0,2020,Fall,5
1090,FRENCH 180,Women Writing in French,Romance Languages & Lit,"Jardine,Alice",4,4,0,1,0,0,0,2020,Fall,9
1091,FRENCH 20,Intermediate French,Romance Languages & Lit,"Turman,Karen",8,1,0,1,0,0,0,2020,Fall,10
1092,FRENCH 20,Intermediate French,Romance Languages & Lit,"Turman,Karen",10,1,0,0,0,0,0,2020,Fall,11
1093,FRENCH 20,Intermediate French,Romance Languages & Lit,"Turman,Karen",4,0,0,0,0,0,0,2020,Fall,4
1094,FRENCH 213,In Search of a Medieval Subjec,Romance Languages & Lit,"Greene,Virginie",2,4,0,0,0,0,0,2020,Fall,6
1095,FRENCH 233,Eating Dystopias,Romance Languages & Lit,"Beizer,Janet L.",1,6,0,0,0,0,0,2020,Fall,7
1096,FRENCH 30,Upper-level French,Romance Languages & Lit,"Knudson,Ericka Karina",11,1,0,0,0,0,0,2020,Fall,12
1097,FRENCH 30,Upper-level French,Romance Languages & Lit,"Knudson,Ericka Karina",8,0,0,1,0,1,0,2020,Fall,10
1098,FRENCH 330,Doctoral Dissertations,Romance Languages & Lit,"Beizer,Janet L.",0,1,0,0,0,0,0,2020,Fall,1
1099,FRENCH 40,Advanced French I,Romance Languages & Lit,"Knudson,Ericka Karina",7,0,0,1,0,0,0,2020,Fall,8
1100,FRENCH 50,Advanced French II,Romance Languages & Lit,"Turman,Karen",6,0,0,1,0,0,0,2020,Fall,7
1101,FRENCH 61M,Modern Stories about Paris,Romance Languages & Lit,"Knudson,Ericka Karina",5,2,0,0,0,0,0,2020,Fall,7
1102,FRENCH 61M,Modern Stories about Paris,Romance Languages & Lit,"Knudson,Ericka Karina",5,0,0,3,0,0,0,2020,Fall,8
1103,FRENCH 75,Novels & their Film Adaptation,Romance Languages & Lit,"Kim,Annabel",8,0,0,1,0,0,0,2020,Fall,9
1104,FRENCH 80,French Theater across Time,Romance Languages & Lit,"Guyot,Sylvaine",8,0,0,0,0,0,0,2020,Fall,8
1262,GERMAN 101,"German Literature, Culture",Germanic Languages & Lit,"Schwakopf,Nadine",8,0,0,0,0,0,0,2020,Fall,8
1263,GERMAN 10A,Beginning German,Germanic Languages & Lit,"Parkes,Lisa Caroline",7,2,0,0,0,0,0,2020,Fall,9
1264,GERMAN 10A,Beginning German,Germanic Languages & Lit,"Parkes,Lisa Caroline",11,2,0,0,0,0,0,2020,Fall,13
1265,GERMAN 10A,Beginning German,Germanic Languages & Lit,"Parkes,Lisa Caroline",5,2,0,0,0,0,1,2020,Fall,6
1266,GERMAN 10AB,Beginning German (Intensive),Germanic Languages & Lit,"Parkes,Lisa Caroline",4,3,0,2,0,0,0,2020,Fall,9
1267,GERMAN 140,"German Social Thought, Nietzsc",Germanic Languages & Lit,"Gordon,Peter E.",0,2,0,0,0,0,0,2020,Fall,2
1268,GERMAN 143,German History,Germanic Languages & Lit,"Frank Johnson,Alison",3,0,0,0,1,0,0,2020,Fall,4
1269,GERMAN 144,Freud and Psychoanalysis,Germanic Languages & Lit,"Morgan,Benjamin Anthony Charles",2,3,0,4,0,0,0,2020,Fall,9
1270,GERMAN 150,Under Surveillance,Germanic Languages & Lit,"Rentschler,Eric",0,0,0,0,0,0,0,2020,Fall,0
1271,GERMAN 200,Middle High German,Germanic Languages & Lit,"Morgan,Benjamin Anthony Charles",0,4,0,0,0,0,0,2020,Fall,4
1272,GERMAN 20A,Intermediate German,Germanic Languages & Lit,"Parkes,Lisa Caroline",3,6,0,1,0,0,0,2020,Fall,10
1273,GERMAN 20A,Intermediate German,Germanic Languages & Lit,"Parkes,Lisa Caroline",4,4,0,0,0,0,0,2020,Fall,8
1274,GERMAN 20AB,Intermediate German: Intensive,Germanic Languages & Lit,"Parkes,Lisa Caroline",5,4,0,0,0,0,1,2020,Fall,8
1275,GERMAN 20B,Intermediate German,Germanic Languages & Lit,"Parkes,Lisa Caroline",5,1,0,0,0,0,0,2020,Fall,6
1276,GERMAN 291,Questions of Theory,Germanic Languages & Lit,"Suetterlin,Nicole",1,2,0,0,0,0,0,2020,Fall,3
1277,GERMAN 299,Independent Study,Germanic Languages & Lit,"Burgard,Peter J.",0,1,0,0,0,0,0,2020,Fall,1
1278,GERMAN 300,Dissertation,Germanic Languages & Lit,"Burgard,Peter J.",0,3,0,0,0,0,0,2020,Fall,3
1279,GERMAN 300,Dissertation,Germanic Languages & Lit,"Hamilton,John T.",0,9,0,0,0,0,0,2020,Fall,9
1280,GERMAN 300,Dissertation,Germanic Languages & Lit,"Rentschler,Eric",0,2,0,0,0,0,0,2020,Fall,2
1281,GERMAN 300,Dissertation,Germanic Languages & Lit,"Suetterlin,Nicole",0,1,0,0,0,0,0,2020,Fall,1
1282,GERMAN 300,Dissertation,Germanic Languages & Lit,"Frank Johnson,Alison",0,2,0,0,0,0,0,2020,Fall,2
1283,GERMAN 310,Teaching,Germanic Languages & Lit,"Burgard,Peter J.",0,13,0,0,0,0,0,2020,Fall,13
1284,GERMAN 320,Course-Related Work,Germanic Languages & Lit,"Burgard,Peter J.",0,0,0,0,0,0,0,2020,Fall,0
1285,GERMAN 330,Research-Related Work,Germanic Languages & Lit,"Burgard,Peter J.",0,0,0,0,0,0,0,2020,Fall,0
1286,GERMAN 61,Advanced Grammar and Reading,Germanic Languages & Lit,"Burgard,Peter J.",7,2,0,0,0,0,0,2020,Fall,9
1287,GERMAN 90R,Dutch,Germanic Languages & Lit,"Parkes,Lisa Caroline",1,2,0,2,0,0,0,2020,Fall,5
1291,GIKUYU AA,Elementary Gikuyu,African & African Amer Studies,"Mugane,John M",0,0,0,0,0,0,0,2020,Fall,0
1369,GREEK 1,Introductory Ancient Greek 1,"Classics, The","Livingston,Ivy",5,1,0,2,0,0,0,2020,Fall,8
1370,GREEK 10,Intro. to Ancient Greek Lit.,"Classics, The","Livingston,Ivy",2,0,0,0,0,0,0,2020,Fall,2
1371,GREEK 114,Homer's The Iliad,"Classics, The","Weiss,Naomi A",8,0,0,0,0,0,0,2020,Fall,8
1372,GREEK 201,Reading Greek,"Classics, The","Weiss,Naomi A",0,2,0,0,0,0,0,2020,Fall,2
1373,GREEK 2X,Accel. Intro. Ancient Greek 2,"Classics, The","Livingston,Ivy",1,1,0,1,0,0,0,2020,Fall,3
1374,GREEK 3,Introductory Ancient Greek 3,"Classics, The","Livingston,Ivy",0,1,0,0,0,0,0,2020,Fall,1
1375,GREEK AX,Ancient Greek Review & Reading,"Classics, The","Livingston,Ivy",1,0,0,0,0,0,0,2020,Fall,1
1376,GREEK H,Intro Greek Prose Composition,"Classics, The","Livingston,Ivy",0,3,0,0,0,0,0,2020,Fall,3
1378,GULLAH 101AR,Advanced Gullah,African & African Amer Studies,"Mugane,John M",1,0,0,0,0,0,0,2020,Fall,1
1379,GULLAH AA,Elementary Gullah,African & African Amer Studies,"Mugane,John M",2,1,0,0,0,0,0,2020,Fall,3
1380,GULLAH BA,Intermediate Gullah,African & African Amer Studies,"Mugane,John M",1,0,0,0,0,0,0,2020,Fall,1
1438,HAUSA 101AR,Advanced Hausa,African & African Amer Studies,"Mugane,John M",0,0,0,0,0,0,0,2020,Fall,0
1439,HAUSA AA,Elementary Hausa,African & African Amer Studies,"Mugane,John M",0,1,0,0,0,0,0,2020,Fall,1
1440,HAUSA BA,Intermediate Hausa,African & African Amer Studies,"Mugane,John M",0,1,0,0,0,0,0,2020,Fall,1
1493,HEBREW 113,Halakhah and Aggadah,Near Eastern Languages & Civ,"Stern,David",0,3,0,1,0,0,0,2020,Fall,4
1494,HEBREW 257,The Book of Proverbs: Seminar,Near Eastern Languages & Civ,"Levenson,Jon D.",0,3,0,0,0,0,0,2020,Fall,3
1495,HEBREW 350,Hebrew Language and Literature,Near Eastern Languages & Civ,"Stern,David",0,1,0,0,0,0,0,2020,Fall,1
1496,HIND-URD 101A,Introductory Hindi-Urdu,South Asian Studies,"Delacy,Richard Somers",13,1,0,7,0,0,1,2020,Fall,20
1497,HIND-URD 101A,Introductory Hindi-Urdu,South Asian Studies,"Kovacs,Hajnalka",0,1,0,4,0,0,0,2020,Fall,5
1498,HIND-URD 102A,Intermediate Hindi-Urdu,South Asian Studies,"Delacy,Richard Somers",2,1,0,3,0,0,0,2020,Fall,6
1499,HIND-URD 103AR,Advanced Hindi-Urdu,South Asian Studies,"Kovacs,Hajnalka",2,1,0,2,0,0,0,2020,Fall,5
1500,HIND-URD 91R,Hindi-Urdu Supervised Readings,South Asian Studies,"Delacy,Richard Somers",1,0,0,0,0,0,0,2020,Fall,1
1684,IGBO 101AR,Advanced Igbo,African & African Amer Studies,"Mugane,John M",7,0,0,0,0,0,0,2020,Fall,7
1685,IGBO AA,Elementary Igbo,African & African Amer Studies,"Mugane,John M",6,1,0,1,0,0,0,2020,Fall,8
1686,IGBO BA,Intermediate Igbo,African & African Amer Studies,"Mugane,John M",2,0,0,1,0,0,0,2020,Fall,3
1719,IRISH 132,Introduction to Modern Irish,Celtic Languages & Literatures,"Sumner,Natasha",0,2,0,1,0,0,0,2020,Fall,3
1720,IRISH 205R,Readings in Early Irish Prose,Celtic Languages & Literatures,"Nagy,Joseph F",0,3,0,0,0,0,0,2020,Fall,3
1726,ITAL 10,Beginning Italian I,Romance Languages & Lit,"Trebaiocchi,Chiara",9,0,0,0,0,0,0,2020,Fall,9
1727,ITAL 10,Beginning Italian I,Romance Languages & Lit,"Trebaiocchi,Chiara",10,0,0,0,0,0,0,2020,Fall,10
1728,ITAL 10,Beginning Italian I,Romance Languages & Lit,"Trebaiocchi,Chiara",9,0,0,0,0,0,0,2020,Fall,9
1729,ITAL 11,Beginning Italian II,Romance Languages & Lit,"Trebaiocchi,Chiara",7,3,0,1,0,0,0,2020,Fall,11
1730,ITAL 111,Italian Cinema:10 Masterpieces,Romance Languages & Lit,"Erspamer,Francesco",9,3,0,1,0,0,0,2020,Fall,13
1731,ITAL 15,Intensive Beginning Italian,Romance Languages & Lit,"Trebaiocchi,Chiara",2,0,0,2,0,0,0,2020,Fall,4
1732,ITAL 16,Italian for Research,Romance Languages & Lit,"Trebaiocchi,Chiara",0,4,0,0,0,0,0,2020,Fall,4
1733,ITAL 20,Intermediate Italian,Romance Languages & Lit,"Trebaiocchi,Chiara",4,2,0,0,0,0,0,2020,Fall,6
1734,ITAL 30,Upper-Level Italian,Romance Languages & Lit,"Trebaiocchi,Chiara",4,1,0,1,0,0,0,2020,Fall,6
1735,ITAL 40,Advanced Italian I,Romance Languages & Lit,"Trebaiocchi,Chiara",6,1,0,0,0,0,0,2020,Fall,7
1736,JAMAICAN AB,Elementary Jamaican Patois,African & African Amer Studies,"Mugane,John M",20,0,0,0,0,0,0,2020,Fall,20
1737,JAPAN 106A,Classical Japanese,East Asian Langs & Civ,"Atherton,David C",0,5,0,0,0,0,0,2020,Fall,5
1738,JAPAN 120A,Intermediate Japanese I,East Asian Langs & Civ,"Asakura,Naomi",3,6,0,3,0,1,0,2020,Fall,13
1739,JAPAN 120A,Intermediate Japanese I,East Asian Langs & Civ,"Asakura,Naomi",3,3,0,1,0,0,0,2020,Fall,7
1740,JAPAN 130A,Intermediate Japanese II,East Asian Langs & Civ,"Graham,Tomoko Amano",3,11,0,2,0,1,0,2020,Fall,17
1741,JAPAN 130A,Intermediate Japanese II,East Asian Langs & Civ,"Graham,Tomoko Amano",3,3,0,3,0,0,0,2020,Fall,9
1742,JAPAN 140A,Advanced Modern Japanese,East Asian Langs & Civ,"Nagaya,Yoshimi",1,2,0,2,0,0,0,2020,Fall,5
1743,JAPAN 140A,Advanced Modern Japanese,East Asian Langs & Civ,"Nagaya,Yoshimi",0,2,0,0,0,0,0,2020,Fall,2
1744,JAPAN 150A,Reads & Discus Jpn Soc Sci,East Asian Langs & Civ,"Nagaya,Yoshimi",0,2,0,1,0,0,0,2020,Fall,3
1745,JAPAN 300,Reading and Research,East Asian Langs & Civ,"Abe,Ryuichi",0,1,0,0,0,0,0,2020,Fall,1
1746,JAPAN 300,Reading and Research,East Asian Langs & Civ,"Howell,David L",0,1,0,0,0,0,0,2020,Fall,1
1747,JAPAN BA,Elementary Japanese,East Asian Langs & Civ,"Kageyama-Hunt,Yuko",14,3,0,1,0,0,0,2020,Fall,18
1748,JAPAN BA,Elementary Japanese,East Asian Langs & Civ,"Kageyama-Hunt,Yuko",7,4,0,3,0,0,0,2020,Fall,14
1749,JAPAN BA,Elementary Japanese,East Asian Langs & Civ,"Kageyama-Hunt,Yuko",9,1,0,3,0,0,0,2020,Fall,13
1755,KAMBA BA,Intermediate Kamba,African & African Amer Studies,"Mugane,John M",0,1,0,0,0,0,0,2020,Fall,1
1756,KOREAN 120A,Intermediate Korean,East Asian Langs & Civ,"Noh,Ahsil",5,0,0,2,0,0,0,2020,Fall,7
1757,KOREAN 130A,Pre-advanced Korean,East Asian Langs & Civ,"Lee,Jee Hyun",9,3,0,1,0,0,0,2020,Fall,13
1758,KOREAN 140A,Advanced Korean,East Asian Langs & Civ,"Noh,Ahsil",5,1,0,1,0,0,0,2020,Fall,7
1759,KOREAN 150A,Readings in Cultural Studies,East Asian Langs & Civ,"Lee,Jee Hyun",3,1,0,0,0,0,0,2020,Fall,4
1760,KOREAN BA,Elementary Korean,East Asian Langs & Civ,"Kim,Hi-Sun Helen",15,3,0,3,0,0,0,2020,Fall,21
1761,KOREAN BA,Elementary Korean,East Asian Langs & Civ,"Kim,Hi-Sun Helen",14,0,0,3,0,0,0,2020,Fall,17
1762,KOREAN BB,Elementary Korean,East Asian Langs & Civ,"Lee,Jee Hyun",4,0,0,0,0,0,0,2020,Fall,4
1763,KOREAN BX,Korean for Advanced Beginners,East Asian Langs & Civ,"Kim,Hi-Sun Helen",11,0,0,0,0,0,0,2020,Fall,11
1765,LATIN 1,Introductory Latin 1,"Classics, The","Livingston,Ivy",17,1,0,2,0,0,0,2020,Fall,20
1766,LATIN 10,Intro. to Latin Literature,"Classics, The","Livingston,Ivy",4,1,0,0,0,0,0,2020,Fall,5
1767,LATIN 102,Catullus,"Classics, The","Thomas,Richard F.",11,2,0,0,0,0,0,2020,Fall,13
1768,LATIN 108,Cicero and Sallust on Catiline,"Classics, The","Love,Rachel",8,0,0,0,0,0,0,2020,Fall,8
1769,LATIN 112A,History of Latin Literature I,"Classics, The","Hudson,Jared M",4,0,0,0,0,0,0,2020,Fall,4
1770,LATIN 134,Archaic Latin,"Classics, The","Rau,Jeremy",0,4,0,0,0,0,0,2020,Fall,4
1771,LATIN 2X,Accelerated Intro. to Latin 2,"Classics, The","Livingston,Ivy",3,3,0,1,0,0,0,2020,Fall,7
1772,LATIN 3,Introductory Latin 3,"Classics, The","Livingston,Ivy",0,1,0,0,0,0,0,2020,Fall,1
1773,LATIN AX,Latin Review and Reading,"Classics, The","Livingston,Ivy",5,2,0,1,0,0,0,2020,Fall,8
1814,MANCHU 120A,Intermediate Manchu,East Asian Langs & Civ,"Elliott,Mark C.",0,3,2,1,0,0,0,2020,Fall,6
1915,MEDGREEK 115,Intro. to Byzantine Greek,"Classics, The","Riehle,Alexander",0,2,0,0,0,0,0,2020,Fall,2
1916,MEDLATIN 123,"Augustine, De civitate dei","Classics, The","Trettel,Adam Michael",0,0,0,0,0,0,0,2020,Fall,0
1917,MEDLATIN 123,"Augustine, De civitate dei","Classics, The","Trettel,Adam Michael",0,0,0,0,0,0,0,2020,Fall,0
1918,MEDLATIN 123,"Augustine, De civitate dei","Classics, The","Trettel,Adam Michael",5,2,0,0,0,0,0,2020,Fall,7
1919,MEDLATIN 123,"Augustine, De civitate dei","Classics, The","Trettel,Adam Michael",0,0,0,0,0,0,0,2020,Fall,0
1947,MOD-HEB 120A,Intermediate Modern Hebrew I,Near Eastern Languages & Civ,"Aharony,Irit",1,3,0,0,0,0,0,2020,Fall,4
1948,MOD-HEB 130A,Advanced Modern Hebrew I,Near Eastern Languages & Civ,"Aharony,Irit",1,1,0,1,0,0,0,2020,Fall,3
1949,MOD-HEB 241R,Adv Seminar in Modern Hebrew,Near Eastern Languages & Civ,"Aharony,Irit",3,0,0,0,0,0,0,2020,Fall,3
1950,MOD-HEB BA,Elementary Modern Hebrew I,Near Eastern Languages & Civ,"Aharony,Irit",5,3,0,1,0,0,0,2020,Fall,9
1951,MODGRK 10,Intro to Modern Greek Texts,"Classics, The","Dourou,Calliopi Ioannis",1,2,0,0,0,0,0,2020,Fall,3
1952,MODGRK 145,Dreams and Literature,"Classics, The","Roilos,Panagiotis",1,3,0,1,0,0,0,2020,Fall,5
1953,MODGRK AA,Elementary Modern Greek,"Classics, The","Dourou,Calliopi Ioannis",1,2,0,1,0,1,0,2020,Fall,5
1954,MODGRK BA,Intermediate Modern Greek,"Classics, The","Dourou,Calliopi Ioannis",1,0,0,0,0,0,0,2020,Fall,1
2010,NEP 102A,Intermediate Nepali,South Asian Studies,"Delacy,Richard Somers",1,0,0,0,0,0,0,2020,Fall,1
2011,NEP 301,Reading and Research,South Asian Studies,"Witzel,Michael",0,1,0,0,0,0,0,2020,Fall,1
2124,PERSIAN 130AR,Intro to Modern Persian Lit,Near Eastern Languages & Civ,"Dayani,Sheida",0,1,0,0,0,0,0,2020,Fall,1
2125,PERSIAN 300,Persian Language & Literature,Near Eastern Languages & Civ,"Boylston,Nicholas John",0,1,0,0,0,0,0,2020,Fall,1
2126,PERSIAN 300,Persian Language & Literature,Near Eastern Languages & Civ,"Landau,Justine Karen",0,1,0,0,0,0,0,2020,Fall,1
2127,PERSIAN AA,Elementary Persian I,Near Eastern Languages & Civ,"Dayani,Sheida",2,6,0,5,0,0,0,2020,Fall,13
2128,PERSIAN BA,Intermediate Persian I,Near Eastern Languages & Civ,"Dayani,Sheida",3,10,0,1,0,0,0,2020,Fall,14
2279,PLSH AA,Elementary Polish I,Slavic Languages & Literatures,"Baranczak,Anna",2,1,0,2,0,0,0,2020,Fall,5
2280,PLSH BA,Intermediate Polish I,Slavic Languages & Literatures,"Baranczak,Anna",1,0,0,0,0,0,0,2020,Fall,1
2281,PLSH CR,Advanced Polish,Slavic Languages & Literatures,"Baranczak,Anna",0,3,0,0,0,0,0,2020,Fall,3
2282,PORTUG 10,Beginning Portuguese I,Romance Languages & Lit,"Cruz,Benedict",3,2,0,0,0,0,0,2020,Fall,5
2283,PORTUG 10S,Portuguese for Spanish Spkrs I,Romance Languages & Lit,"Gontijo,Viviane",1,1,0,4,0,0,0,2020,Fall,6
2284,PORTUG 11S,Begin. Portug for Spnsh Spkrs,Romance Languages & Lit,"Cruz,Benedict",1,0,0,0,0,0,0,2020,Fall,1
2285,PORTUG 136,Writing and Urban Life,Romance Languages & Lit,"Carvalho,Bruno Martins",1,8,0,0,0,0,0,2020,Fall,9
2286,PORTUG 20,Intermediate Portuguese,Romance Languages & Lit,"Gontijo,Viviane",5,1,0,0,0,0,0,2020,Fall,6
2287,PORTUG 40,Advanced Portuguese I,Romance Languages & Lit,"Gontijo,Viviane",5,0,0,0,0,0,0,2020,Fall,5
2288,PORTUG 76,Womens Voices in Brazil Lit,Romance Languages & Lit,"Gontijo,Viviane",4,0,0,0,0,0,0,2020,Fall,4
2489,RUSS 101,Advanced Russian I,Slavic Languages & Literatures,"Egorova,Veronika A.",5,3,0,1,0,0,0,2020,Fall,9
2490,RUSS 101,Advanced Russian I,Slavic Languages & Literatures,"Egorova,Veronika A.",2,2,0,0,0,0,0,2020,Fall,4
2491,RUSS 102,Advanced Russian,Slavic Languages & Literatures,"Clancy,Steven",3,3,0,0,0,0,0,2020,Fall,6
2492,RUSS 111,Advanced Russian,Slavic Languages & Literatures,"Pokrovsky,Natalia",0,2,0,0,0,0,0,2020,Fall,2
2493,RUSS 113,Advanced Russian,Slavic Languages & Literatures,"Pokrovsky,Natalia",2,3,0,2,0,0,0,2020,Fall,7
2494,RUSS 120R,Readings in Advanced Russian,Slavic Languages & Literatures,"Clancy,Steven",0,1,0,0,0,0,0,2020,Fall,1
2495,RUSS AA,Elementary Russian I,Slavic Languages & Literatures,"Clancy,Steven",7,0,0,1,0,0,0,2020,Fall,8
2496,RUSS AA,Elementary Russian I,Slavic Languages & Literatures,"Clancy,Steven",6,1,0,0,0,0,0,2020,Fall,7
2497,RUSS AAB,Elementary Russian (Intensive),Slavic Languages & Literatures,"Chirkov,Natalia Georgievna",2,4,0,0,0,0,0,2020,Fall,6
2498,RUSS BA,Intermediate Russian I,Slavic Languages & Literatures,"Egorova,Veronika A.",2,1,1,2,0,0,0,2020,Fall,6
2499,RUSS BA,Intermediate Russian I,Slavic Languages & Literatures,"Egorova,Veronika A.",3,2,0,0,0,1,0,2020,Fall,6
2500,SANSKRIT 101A,Elementary Sanskrit,South Asian Studies,"Hawley,Nell Shapiro",20,3,0,1,0,0,0,2020,Fall,24
2501,SANSKRIT 102AR,Intermediate Sanskrit I,South Asian Studies,"Hawley,Nell Shapiro",0,0,0,4,0,1,0,2020,Fall,5
2502,SANSKRIT 108,Intro to Vedic Lit & Culture,South Asian Studies,"Witzel,Michael",1,2,0,1,0,0,0,2020,Fall,4
2503,SANSKRIT 150,Introduction to Vedic Language,South Asian Studies,"Witzel,Michael",0,1,0,1,0,0,0,2020,Fall,2
2504,SANSKRIT 201AR,Adv Philosophical Sanskrit,South Asian Studies,"Patil,Parimal G.",0,10,0,2,0,0,0,2020,Fall,12
2505,SANSKRIT 301,Reading and Research,South Asian Studies,"Patil,Parimal G.",0,1,0,0,0,0,0,2020,Fall,1
2506,SANSKRIT 310,Doctoral Dissertations,South Asian Studies,"Patil,Parimal G.",0,1,0,0,0,0,0,2020,Fall,1
2507,SANSKRIT 91R,Supervised Reading & Research,South Asian Studies,"Hawley,Nell Shapiro",4,0,0,0,0,0,0,2020,Fall,4
2517,SCAND 90R.A,Danish,Germanic Languages & Lit,"Broome,Agnes",4,0,0,0,0,0,0,2020,Fall,4
2518,SCAND 90R.C,Norwegian,Germanic Languages & Lit,"Broome,Agnes",4,0,0,0,0,0,0,2020,Fall,4
2532,SCTGALIC 130,Intro to Scottish Gaelic,Celtic Languages & Literatures,"Sumner,Natasha",1,0,0,2,0,0,0,2020,Fall,3
2635,SPANSH 10,Beginning Spanish I,Romance Languages & Lit,"Parra-Velasco,Maria Luisa",8,1,0,0,0,0,0,2020,Fall,9
2636,SPANSH 10,Beginning Spanish I,Romance Languages & Lit,"Parra-Velasco,Maria Luisa",12,0,0,0,0,0,0,2020,Fall,12
2637,SPANSH 10,Beginning Spanish I,Romance Languages & Lit,"Parra-Velasco,Maria Luisa",8,2,0,0,0,0,0,2020,Fall,10
2638,SPANSH 10,Beginning Spanish I,Romance Languages & Lit,"Parra-Velasco,Maria Luisa",7,1,0,0,0,0,0,2020,Fall,8
2639,SPANSH 10,Beginning Spanish I,Romance Languages & Lit,"Parra-Velasco,Maria Luisa",11,0,0,3,0,0,0,2020,Fall,14
2640,SPANSH 10,Beginning Spanish I,Romance Languages & Lit,"Parra-Velasco,Maria Luisa",6,1,0,0,0,0,0,2020,Fall,7
2641,SPANSH 11,Beginning Spanish II,Romance Languages & Lit,"Mendez Seijas,Jorge",12,0,0,0,0,0,0,2020,Fall,12
2642,SPANSH 11,Beginning Spanish II,Romance Languages & Lit,"Mendez Seijas,Jorge",10,0,0,2,0,0,0,2020,Fall,12
2643,SPANSH 11,Beginning Spanish II,Romance Languages & Lit,"Mendez Seijas,Jorge",10,0,0,1,0,0,1,2020,Fall,10
2644,SPANSH 11,Beginning Spanish II,Romance Languages & Lit,"Mendez Seijas,Jorge",10,1,0,1,0,0,0,2020,Fall,12
2645,SPANSH 11,Beginning Spanish II,Romance Languages & Lit,"Mendez Seijas,Jorge",12,0,0,0,0,0,0,2020,Fall,12
2646,SPANSH 11,Beginning Spanish II,Romance Languages & Lit,"Mendez Seijas,Jorge",10,0,0,0,0,0,0,2020,Fall,10
2647,SPANSH 137,Afrolatinoamérica escribe,Romance Languages & Lit,"Sommer,Doris",4,2,0,0,0,0,0,2020,Fall,6
2648,SPANSH 15,Intensive Beginning Spanish,Romance Languages & Lit,"Parra-Velasco,Maria Luisa",6,3,0,1,0,0,0,2020,Fall,10
2649,SPANSH 153,Narratives of Identity,Romance Languages & Lit,"Aguirre-Oteiza,Daniel",6,5,0,0,0,0,0,2020,Fall,11
2650,SPANSH 20,Intermediate Spanish,Romance Languages & Lit,"Gutierrez,Adriana",10,0,0,0,0,0,0,2020,Fall,10
2651,SPANSH 20,Intermediate Spanish,Romance Languages & Lit,"Gutierrez,Adriana",10,0,0,0,0,0,0,2020,Fall,10
2652,SPANSH 20,Intermediate Spanish,Romance Languages & Lit,"Gutierrez,Adriana",5,1,0,0,0,0,0,2020,Fall,6
2653,SPANSH 20,Intermediate Spanish,Romance Languages & Lit,"Gutierrez,Adriana",6,0,0,0,0,0,0,2020,Fall,6
2654,SPANSH 20,Intermediate Spanish,Romance Languages & Lit,"Gutierrez,Adriana",9,0,0,0,0,0,0,2020,Fall,9
2656,SPANSH 20,Intermediate Spanish,Romance Languages & Lit,"Gutierrez,Adriana",7,0,0,0,0,0,0,2020,Fall,7
2657,SPANSH 201,History of the Spanish Languag,Romance Languages & Lit,"Giron Negron,Luis M.",4,7,0,0,0,0,0,2020,Fall,11
2658,SPANSH 30,Upper-level Spanish,Romance Languages & Lit,"Liander,Johanna Damgaard",8,1,0,1,0,0,0,2020,Fall,10
2659,SPANSH 30,Upper-level Spanish,Romance Languages & Lit,"Liander,Johanna Damgaard",9,0,0,2,0,0,0,2020,Fall,11
2660,SPANSH 30,Upper-level Spanish,Romance Languages & Lit,"Liander,Johanna Damgaard",10,0,0,0,0,0,0,2020,Fall,10
2661,SPANSH 30,Upper-level Spanish,Romance Languages & Lit,"Liander,Johanna Damgaard",0,0,0,0,0,0,0,2020,Fall,0
2662,SPANSH 30,Upper-level Spanish,Romance Languages & Lit,"Liander,Johanna Damgaard",8,0,0,0,0,0,0,2020,Fall,8
2663,SPANSH 320,Spanish & Hispanic-American Li,Romance Languages & Lit,"Aguirre-Oteiza,Daniel",0,1,0,0,0,0,0,2020,Fall,1
2664,SPANSH 320,Spanish & Hispanic-American Li,Romance Languages & Lit,"Vega-Duran,Raquel",0,1,0,0,0,0,0,2020,Fall,1
2665,SPANSH 320,Spanish & Hispanic-American Li,Romance Languages & Lit,"Sommer,Doris",0,1,0,0,0,0,0,2020,Fall,1
2666,SPANSH 40,Advanced Spanish Language I,Romance Languages & Lit,"Liander,Johanna Damgaard",9,3,0,0,0,0,0,2020,Fall,12
2667,SPANSH 40,Advanced Spanish Language I,Romance Languages & Lit,"Liander,Johanna Damgaard",9,0,0,1,0,0,0,2020,Fall,10
2668,SPANSH 40,Advanced Spanish Language I,Romance Languages & Lit,"Liander,Johanna Damgaard",13,0,0,0,0,0,0,2020,Fall,13
2669,SPANSH 40,Advanced Spanish Language I,Romance Languages & Lit,"Liander,Johanna Damgaard",11,0,0,0,0,0,1,2020,Fall,10
2670,SPANSH 40,Advanced Spanish Language I,Romance Languages & Lit,"Liander,Johanna Damgaard",8,0,0,1,0,0,0,2020,Fall,9
2671,SPANSH 49H,Languaging & Latinx identities,Romance Languages & Lit,"Parra-Velasco,Maria Luisa",10,0,0,0,0,0,0,2020,Fall,10
2672,SPANSH 50,Advanced Spanish II,Romance Languages & Lit,"Gutierrez,Adriana",10,0,0,0,0,0,0,2020,Fall,10
2673,SPANSH 50,Advanced Spanish II,Romance Languages & Lit,"Gutierrez,Adriana",10,0,0,0,0,0,0,2020,Fall,10
2674,SPANSH 50,Advanced Spanish II,Romance Languages & Lit,"Gutierrez,Adriana",7,0,0,0,0,0,0,2020,Fall,7
2675,SPANSH 50,Advanced Spanish II,Romance Languages & Lit,Unknown,0,0,0,0,0,0,0,2020,Fall,0
2676,SPANSH 59,Spanish and the Community,Romance Languages & Lit,"Parra-Velasco,Maria Luisa",7,0,0,0,0,0,0,2020,Fall,7
2677,SPANSH 61PH,Spanish for Public Health,Romance Languages & Lit,"Gutierrez,Adriana",8,0,0,0,0,0,0,2020,Fall,8
2678,SPANSH 61PH,Spanish for Public Health,Romance Languages & Lit,"Gutierrez,Adriana",8,0,0,0,0,0,0,2020,Fall,8
2679,SPANSH 70,Intro Latin American Studies,Romance Languages & Lit,"Siskind,Mariano",25,0,0,0,0,0,0,2020,Fall,25
2680,SPANSH 80T,Translation Wrkshp Spain 20th,Romance Languages & Lit,"Aguirre-Oteiza,Daniel",7,0,0,0,0,0,0,2020,Fall,7
2681,SPANSH 88,The History of Women in Spain,Romance Languages & Lit,"Vega-Duran,Raquel",12,0,0,0,0,0,0,2020,Fall,12
2682,SPANSH 99A,Tutorial - Senior Year,Romance Languages & Lit,"Parra-Velasco,Maria Luisa",1,0,0,0,0,0,0,2020,Fall,1
2711,SUDANESE 101AR,Advanced Sudanese Arabic,African & African Amer Studies,"Mugane,John M",2,1,0,0,0,0,0,2020,Fall,3
2712,SUDANESE AA,Elementary Sudanese Arabic,African & African Amer Studies,"Mugane,John M",1,1,0,1,0,0,0,2020,Fall,3
2713,SUMERIAN AA,Introductory Sumerian I,Near Eastern Languages & Civ,"Steinkeller,Piotr",0,2,0,0,0,0,0,2020,Fall,2
2714,SWAHILI 101AR,Reading in Swahili,African & African Amer Studies,"Mugane,John M",2,0,0,0,0,0,0,2020,Fall,2
2715,SWAHILI AA,Elementary Swahili,African & African Amer Studies,"Mugane,John M",6,0,0,3,0,0,0,2020,Fall,9
2716,SWAHILI BA,Intermediate Swahili,African & African Amer Studies,"Mugane,John M",2,2,0,0,0,0,0,2020,Fall,4
2717,SWEDISH 10A,Beginning Swedish Lang and Lit,Germanic Languages & Lit,"Broome,Agnes",7,0,0,2,0,0,0,2020,Fall,9
2718,SWEDISH 20A,Intermediate Swedish,Germanic Languages & Lit,"Broome,Agnes",0,2,0,0,0,0,0,2020,Fall,2
2719,SYRIAC AA,Elementary Syriac I,Near Eastern Languages & Civ,"Possekel,Ute",0,2,0,1,0,0,0,2020,Fall,3
2757,TAM 101A,Elementary Tamil,South Asian Studies,"Ripley,Jonathan Daniel",7,1,0,3,0,0,0,2020,Fall,11
2758,TAM 102A,Intermediate Tamil,South Asian Studies,"Ripley,Jonathan Daniel",1,1,0,2,0,0,0,2020,Fall,4
2775,THI 102A,Intermediate Thai I,South Asian Studies,"Delacy,Richard Somers",1,0,0,1,0,0,0,2020,Fall,2
2776,THI 103AR,Readings in Thai I,South Asian Studies,"Delacy,Richard Somers",2,0,0,0,0,0,0,2020,Fall,2
2777,TIBET 101A,Elementary Classical Tibetan,South Asian Studies,"van der Kuijp,Leonard Willem Johannes",0,1,0,0,0,0,0,2020,Fall,1
2778,TIBET 102A,Intermediate Classical Tibetan,South Asian Studies,"van der Kuijp,Leonard Willem Johannes",0,1,0,1,0,0,0,2020,Fall,2
2779,TIBET 104AR,Elementary Colloquial Tibetan,South Asian Studies,"Delacy,Richard Somers",1,2,0,0,0,0,0,2020,Fall,3
2780,TIBET 105AR,Intermed Colloquial Tibetan,South Asian Studies,"Delacy,Richard Somers",0,1,0,0,0,0,0,2020,Fall,1
2781,TIBET 106AR,Advanced Colloquial Tibetan,South Asian Studies,"Delacy,Richard Somers",0,2,0,0,0,0,0,2020,Fall,2
2782,TIBET 213,Intro to Lit of Bka' gdams pa,South Asian Studies,"van der Kuijp,Leonard Willem Johannes",0,3,0,1,0,0,0,2020,Fall,4
2783,TIBET 214,Readings in 'Ba' ra ba Rgyal,South Asian Studies,"van der Kuijp,Leonard Willem Johannes",0,5,0,0,0,0,0,2020,Fall,5
2784,TIBET 300,Reading and Research,South Asian Studies,"van der Kuijp,Leonard Willem Johannes",0,1,0,0,0,0,0,2020,Fall,1
2785,TIBET 91R,Supervised Reading & Research,South Asian Studies,"van der Kuijp,Leonard Willem Johannes",0,2,0,0,0,0,0,2020,Fall,2
2786,TIGRINYA 101AR,Advanced Tigrinya,African & African Amer Studies,"Mugane,John M",2,0,0,0,0,0,0,2020,Fall,2
2787,TIGRINYA BA,Intermediate Tigrinya,African & African Amer Studies,"Mugane,John M",0,0,0,0,0,0,0,2020,Fall,0
2788,TURKISH 120A,Intermediate Modern Turkish I,Near Eastern Languages & Civ,"Demir,Meryem",1,4,0,0,0,0,0,2020,Fall,5
2789,TURKISH 130A,Advanced Turkish I,Near Eastern Languages & Civ,"Demir,Meryem",0,2,0,0,0,0,0,2020,Fall,2
2790,TURKISH 140A,Intro to Ottoman Turkish I,Near Eastern Languages & Civ,"Taskomur,Himmet",0,1,0,0,0,0,0,2020,Fall,1
2791,TURKISH 150A,Advanced Ottoman Turkish I,Near Eastern Languages & Civ,"Taskomur,Himmet",0,4,0,0,0,0,0,2020,Fall,4
2792,TURKISH 150A,Advanced Ottoman Turkish I,Near Eastern Languages & Civ,"Taskomur,Himmet",0,2,0,0,0,0,0,2020,Fall,2
2793,TURKISH AA,Elementary Modern Turkish I,Near Eastern Languages & Civ,"Demir,Meryem",4,4,0,0,0,0,0,2020,Fall,8
2794,TWI AA,Elementary Twi,African & African Amer Studies,"Mugane,John M",1,1,0,5,0,0,0,2020,Fall,7
2795,TWI BA,Intermediate Twi,African & African Amer Studies,"Mugane,John M",6,0,0,1,0,0,0,2020,Fall,7
2796,UKRA AA,Elementary Ukrainian I,Slavic Languages & Literatures,"Dibrova,Volodymyr",0,0,0,0,0,1,0,2020,Fall,1
2797,UYGHUR A,Elementary Uyghur,East Asian Langs & Civ,"Gulina,Aizezi",0,2,0,0,0,0,0,2020,Fall,2
2798,VIETNAM 120A,Intermediate Vietnamese,East Asian Langs & Civ,"Ngo,Binh",1,0,0,1,0,0,0,2020,Fall,2
2799,VIETNAM BA,Elementary Vietnamese,East Asian Langs & Civ,"Ngo,Binh",1,1,0,7,0,0,0,2020,Fall,9
2811,WELSH 225A,Medieval Welsh Lang & Lit,Celtic Languages & Literatures,"Jones,Aled Llion",2,3,0,0,0,0,0,2020,Fall,5
2822,WSTAFRCN AA,Elementary West African Pidgin,African & African Amer Studies,"Mugane,John M",16,0,0,1,0,0,0,2020,Fall,17
2823,WSTAFRCN BA,Intermediate W. African Pidgin,African & African Amer Studies,"Mugane,John M",6,0,0,0,0,0,0,2020,Fall,6
2824,YIDDISH 107,The Politics of Yiddish,Near Eastern Languages & Civ,"Zaritt,Saul",2,0,0,0,0,0,0,2020,Fall,2
2825,YIDDISH 225,Yiddish Worlds,Near Eastern Languages & Civ,"Zaritt,Saul",0,0,0,1,0,0,0,2020,Fall,1
2826,YIDDISH AA,Elementary Yiddish I,Near Eastern Languages & Civ,"Feldman,Sara",0,0,0,2,0,0,0,2020,Fall,2
2827,YIDDISH CA,Advanced Yiddish I,Near Eastern Languages & Civ,"Feldman,Sara",1,2,0,0,0,0,0,2020,Fall,3
2828,YORUBA AA,Elementary Yoruba,African & African Amer Studies,"Mugane,John M",7,1,0,2,0,0,0,2020,Fall,10
2829,YORUBA BA,Intermediate Yoruba,African & African Amer Studies,"Mugane,John M",3,0,0,2,0,0,0,2020,Fall,5
2830,ZULU 101AR,Advanced Zulu,African & African Amer Studies,"Mugane,John M",0,1,0,0,0,0,0,2020,Fall,1
2831,ZULU AA,Elementary Zulu,African & African Amer Studies,"Mugane,John M",25,0,0,1,0,0,0,2020,Fall,26
2832,ZULU BA,Intermediate Zulu,African & African Amer Studies,"Mugane,John M",1,0,0,0,0,0,0,2020,Fall,1
32,AFRIKAAN AB,Elementary Afrikaans,African & African Amer Studies,"Mugane,John M",9,0,0,0,0,0,0,2021,Spring,9
33,AFRIKAAN BB,Intermediate Afrikaans,African & African Amer Studies,"Mugane,John M",1,0,0,0,0,0,0,2021,Spring,1
74,AKKAD 148,Old Babylonian Letters of Mari,Near Eastern Languages & Civ,"Weeden,Mark",0,4,0,0,0,0,0,2021,Spring,4
75,AKKAD AB,Introductory Akkadian II,Near Eastern Languages & Civ,"Barjamovic,Gojko",1,0,0,1,0,0,0,2021,Spring,2
76,AMHARIC 101BR,Advanced Amharic II,African & African Amer Studies,"Mugane,John M",2,0,0,0,0,0,1,2021,Spring,1
77,AMHARIC AB,Elementary Amharic,African & African Amer Studies,"Mugane,John M",4,0,0,1,0,0,0,2021,Spring,5
78,AMHARIC BB,Intermediate Amharic,African & African Amer Studies,"Mugane,John M",1,0,0,1,0,0,0,2021,Spring,2
210,ARABIC 130B,Upper-Level Classical Arabic 2,Near Eastern Languages & Civ,"Habib,Muhammad Ahmad",0,3,0,0,0,0,0,2021,Spring,3
211,ARABIC 131B,Upper-Level Modern Arabic II,Near Eastern Languages & Civ,"Korica Sullivan,Nevenka",4,1,0,0,0,0,0,2021,Spring,5
212,ARABIC 131B,Upper-Level Modern Arabic II,Near Eastern Languages & Civ,"Korica Sullivan,Nevenka",6,0,0,1,0,0,0,2021,Spring,7
213,ARABIC 241BR,Advanced Modern Arabic Bridge,Near Eastern Languages & Civ,"Habib,Muhammad Ahmad",4,3,0,2,0,0,0,2021,Spring,9
214,ARABIC 241BR,Advanced Modern Arabic Bridge,Near Eastern Languages & Civ,"Habib,Muhammad Ahmad",6,0,0,1,0,0,0,2021,Spring,7
215,ARABIC 243BR,Intro to Rational Sciences,Near Eastern Languages & Civ,"El-Rouayheb,Khaled",0,6,0,4,0,0,0,2021,Spring,10
216,ARABIC 249R,Arabic Philosophical Texts,Near Eastern Languages & Civ,"El-Rouayheb,Khaled",1,5,0,1,0,0,0,2021,Spring,7
217,ARABIC 300,Reading/Research in Arabic,Near Eastern Languages & Civ,"Granara,William",0,2,0,0,0,0,0,2021,Spring,2
218,ARABIC AB,Elementary Arabic II,Near Eastern Languages & Civ,"Cozzens,Richard",7,2,0,3,0,0,0,2021,Spring,12
219,ARABIC AB,Elementary Arabic II,Near Eastern Languages & Civ,"Cozzens,Richard",6,2,0,2,0,0,0,2021,Spring,10
220,ARABIC AB,Elementary Arabic II,Near Eastern Languages & Civ,"Cozzens,Richard",2,0,0,3,0,0,0,2021,Spring,5
221,ARABIC AB,Elementary Arabic II,Near Eastern Languages & Civ,"Habib,Muhammad Ahmad",4,2,0,1,0,0,0,2021,Spring,7
222,ARABIC BB,Intermediate Arabic II,Near Eastern Languages & Civ,"Barmada,Nour",12,1,0,0,0,0,0,2021,Spring,13
223,ARABIC BB,Intermediate Arabic II,Near Eastern Languages & Civ,"Barmada,Nour",9,3,0,3,0,0,0,2021,Spring,15
224,ARABIC BB,Intermediate Arabic II,Near Eastern Languages & Civ,"Halaby,Gregory",2,1,0,1,0,0,0,2021,Spring,4
225,ARMEN AB,Elem Modern West Armenian II,Near Eastern Languages & Civ,"Gulesserian,Lisa",1,1,0,0,0,0,0,2021,Spring,2
300,BCS AB,Elementary BCS II,Slavic Languages & Literatures,"Kuzmic,Tatiana",1,2,0,0,0,0,0,2021,Spring,3
301,BCS BB,Intermediate BCS II,Slavic Languages & Literatures,"Kuzmic,Tatiana",0,1,0,0,0,0,0,2021,Spring,1
302,BCS CR,Advanced BCS,Slavic Languages & Literatures,"Kuzmic,Tatiana",3,0,0,1,0,0,0,2021,Spring,4
385,BRETON 123,Intermediate Modern Breton,Celtic Languages & Literatures,"Nagy,Joseph F",1,0,0,0,0,0,0,2021,Spring,1
387,CATALAN 11,Catalan Language and Culture,Romance Languages & Lit,Unknown,0,1,0,1,0,0,0,2021,Spring,2
388,CATALAN 91R,Supervised Reading and Researc,Romance Languages & Lit,"Aguirre-Oteiza,Daniel",0,1,0,0,0,0,0,2021,Spring,1
428,CHAGATAY B,Elementary Chaghatay,East Asian Langs & Civ,"Gulina,Aizezi",0,1,0,1,0,0,0,2021,Spring,2
497,CHNSE 106B,Intro to Literary Chinese,East Asian Langs & Civ,"Sena,David M",2,1,0,3,0,0,0,2021,Spring,6
498,CHNSE 107B,Intermediate Literary Chinese,East Asian Langs & Civ,"Sena,David M",2,5,0,2,0,0,0,2021,Spring,9
499,CHNSE 120B,Intermediate Modern Chinese,East Asian Langs & Civ,"Yang,Bin",14,1,0,0,0,0,0,2021,Spring,15
500,CHNSE 120B,Intermediate Modern Chinese,East Asian Langs & Civ,"Yang,Bin",7,0,0,1,0,0,0,2021,Spring,8
501,CHNSE 120B,Intermediate Modern Chinese,East Asian Langs & Civ,"Yang,Bin",5,1,0,0,0,0,0,2021,Spring,6
502,CHNSE 123XB,Intermed Mod Chinese - Adv Beg,East Asian Langs & Civ,"Ying,Jie",7,0,0,0,0,0,0,2021,Spring,7
503,CHNSE 123XB,Intermed Mod Chinese - Adv Beg,East Asian Langs & Civ,"Ying,Jie",15,0,0,0,0,0,0,2021,Spring,15
504,CHNSE 123XB,Intermed Mod Chinese - Adv Beg,East Asian Langs & Civ,"Ying,Jie",6,0,0,0,0,0,0,2021,Spring,6
505,CHNSE 130B,Pre-Advanced Modern Chinese,East Asian Langs & Civ,"Jia,Fan",10,0,0,0,0,0,0,2021,Spring,10
506,CHNSE 130B,Pre-Advanced Modern Chinese,East Asian Langs & Civ,"Jia,Fan",7,0,0,0,0,0,0,2021,Spring,7
507,CHNSE 130B,Pre-Advanced Modern Chinese,East Asian Langs & Civ,"Jia,Fan",13,0,0,1,0,0,0,2021,Spring,14
508,CHNSE 130XB,Pre-Adv Mod Chin for High-Prof,East Asian Langs & Civ,"Yang,Shunan",8,0,0,1,0,0,0,2021,Spring,9
509,CHNSE 130XB,Pre-Adv Mod Chin for High-Prof,East Asian Langs & Civ,"Yang,Shunan",11,0,0,0,0,0,0,2021,Spring,11
510,CHNSE 140B,Advanced Modern Chinese,East Asian Langs & Civ,"Shao,Xueyin",7,4,0,0,0,0,0,2021,Spring,11
511,CHNSE 140B,Advanced Modern Chinese,East Asian Langs & Civ,"Shao,Xueyin",2,1,0,0,0,1,0,2021,Spring,4
512,CHNSE 140XB,Adv Mod Chin for High-Prof,East Asian Langs & Civ,"Cai,Jing",7,1,0,2,0,1,0,2021,Spring,11
513,CHNSE 142B,Adv Conversational Chinese,East Asian Langs & Civ,"Cai,Jing",7,0,0,0,0,0,0,2021,Spring,7
514,CHNSE 150B,Reads & Disc in Acad Prof Chin,East Asian Langs & Civ,"Wang,Dan",5,2,0,0,0,0,0,2021,Spring,7
515,CHNSE 163,Business Chinese,East Asian Langs & Civ,"Wang,Dan",4,1,0,0,0,0,0,2021,Spring,5
516,CHNSE 166R,Chinese in the Humanities,East Asian Langs & Civ,"Liu,Jennifer Li-Chia",7,1,0,2,0,0,0,2021,Spring,10
517,CHNSE 300,Reading and Research,East Asian Langs & Civ,"Bol,Peter K.",0,2,0,0,0,0,0,2021,Spring,2
518,CHNSE 300,Reading and Research,East Asian Langs & Civ,"Elliott,Mark C.",0,1,0,0,0,0,0,2021,Spring,1
519,CHNSE 300,Reading and Research,East Asian Langs & Civ,"Kelly,Thomas Patrick",0,1,0,0,0,0,0,2021,Spring,1
520,CHNSE 300,Reading and Research,East Asian Langs & Civ,"Tian,Xiaofei",0,2,0,0,0,0,0,2021,Spring,2
521,CHNSE BB,Elementary Modern Chinese,East Asian Langs & Civ,"Yu,Xiaoshi",10,2,0,2,0,0,0,2021,Spring,14
522,CHNSE BB,Elementary Modern Chinese,East Asian Langs & Civ,"Yu,Xiaoshi",3,0,0,0,0,0,0,2021,Spring,3
523,CHNSE BB,Elementary Modern Chinese,East Asian Langs & Civ,"Yu,Xiaoshi",14,0,0,0,0,1,0,2021,Spring,15
524,CHNSE BB,Elementary Modern Chinese,East Asian Langs & Civ,"Yu,Xiaoshi",6,1,0,0,0,0,0,2021,Spring,7
525,CHNSE BB,Elementary Modern Chinese,East Asian Langs & Civ,"Yu,Xiaoshi",7,1,0,1,0,0,0,2021,Spring,9
526,CHNSE BB,Elementary Modern Chinese,East Asian Langs & Civ,"Yu,Xiaoshi",5,0,0,1,0,0,0,2021,Spring,6
535,CLAS-HEB 120B,Intermed Classical Hebrew II,Near Eastern Languages & Civ,"Teeter,Andrew",1,0,0,0,0,0,0,2021,Spring,1
536,CLAS-HEB AB,Elementary Classical Hebrew II,Near Eastern Languages & Civ,"Teeter,Andrew",0,1,0,0,0,0,0,2021,Spring,1
681,CZCH AB,Elementary Czech II,Slavic Languages & Literatures,"Tuckerova,Veronika",4,1,0,0,0,0,0,2021,Spring,5
682,CZCH BB,Intermediate Czech II,Slavic Languages & Literatures,"Tuckerova,Veronika",1,1,0,0,0,0,0,2021,Spring,2
683,CZCH CR,Advanced Czech,Slavic Languages & Literatures,"Tuckerova,Veronika",1,0,0,0,0,0,0,2021,Spring,1
880,EGYPTARB BB,Intermediate Egyptian Arabic,African & African Amer Studies,"Mugane,John M",0,0,0,1,0,0,0,2021,Spring,1
881,EGYPTIAN 200,Egyptian Text Reading,Near Eastern Languages & Civ,"Manuelian,Peter Der",0,2,0,0,0,0,0,2021,Spring,2
1146,FRENCH 10,Beginning French I,Romance Languages & Lit,"Mills,Nicole",3,1,0,1,0,0,0,2021,Spring,5
1147,FRENCH 10,Beginning French I,Romance Languages & Lit,"Mills,Nicole",8,2,0,1,0,0,0,2021,Spring,11
1148,FRENCH 11,Beginning French II,Romance Languages & Lit,"Mills,Nicole",7,3,0,1,0,0,0,2021,Spring,11
1149,FRENCH 11,Beginning French II,Romance Languages & Lit,"Mills,Nicole",9,0,0,2,0,0,0,2021,Spring,11
1150,FRENCH 11,Beginning French II,Romance Languages & Lit,"Mills,Nicole",9,1,0,1,0,0,0,2021,Spring,11
1151,FRENCH 136,French Feminisms Today,Romance Languages & Lit,"Jardine,Alice",5,2,0,1,0,0,0,2021,Spring,8
1152,FRENCH 143,Vision & Violence Face-to-Face,Romance Languages & Lit,"Guyot,Sylvaine",8,3,0,0,0,0,0,2021,Spring,11
1153,FRENCH 149,Queer Fictions,Romance Languages & Lit,"Kim,Annabel",2,1,0,0,0,0,0,2021,Spring,3
1154,FRENCH 16,Reading French for Research,Romance Languages & Lit,"Mills,Nicole",1,7,0,0,0,0,0,2021,Spring,8
1155,FRENCH 173,Turmoil and Bliss: Poetry,Romance Languages & Lit,"Conley,Tom",1,1,0,0,0,0,0,2021,Spring,2
1156,FRENCH 181,"France-North Africa, Lit&Film",Romance Languages & Lit,"Conley,Verena",5,1,0,0,0,0,0,2021,Spring,6
1157,FRENCH 20,Intermediate French,Romance Languages & Lit,"Turman,Karen",3,2,0,1,0,0,0,2021,Spring,6
1158,FRENCH 20,Intermediate French,Romance Languages & Lit,"Turman,Karen",7,0,0,1,0,0,0,2021,Spring,8
1159,FRENCH 225,How to Read Theater,Romance Languages & Lit,"Guyot,Sylvaine",2,2,0,0,0,0,0,2021,Spring,4
1160,FRENCH 245,Monique Wittig's Trojan Horse,Romance Languages & Lit,"Kim,Annabel",0,7,0,0,0,0,0,2021,Spring,7
1161,FRENCH 30,Upper-level French,Romance Languages & Lit,"Knudson,Ericka Karina",5,1,0,1,0,0,0,2021,Spring,7
1162,FRENCH 30,Upper-level French,Romance Languages & Lit,"Knudson,Ericka Karina",12,0,0,0,0,0,0,2021,Spring,12
1163,FRENCH 320,French Literature,Romance Languages & Lit,"Greene,Virginie",0,1,0,0,0,0,0,2021,Spring,1
1164,FRENCH 320,French Literature,Romance Languages & Lit,"Jardine,Alice",0,1,0,0,0,0,0,2021,Spring,1
1165,FRENCH 330,Doctoral Dissertations,Romance Languages & Lit,"Beizer,Janet L.",0,1,0,0,0,0,0,2021,Spring,1
1166,FRENCH 330,Doctoral Dissertations,Romance Languages & Lit,"Lionnet,Francoise",0,1,0,0,0,0,0,2021,Spring,1
1167,FRENCH 40,Advanced French I,Romance Languages & Lit,"Knudson,Ericka Karina",13,0,0,0,0,0,0,2021,Spring,13
1168,FRENCH 40,Advanced French I,Romance Languages & Lit,"Knudson,Ericka Karina",11,0,0,1,0,0,0,2021,Spring,12
1169,FRENCH 50,Advanced French II,Romance Languages & Lit,"Turman,Karen",11,0,0,0,0,0,0,2021,Spring,11
1170,FRENCH 61C,Reinventing French Cinema,Romance Languages & Lit,"Knudson,Ericka Karina",4,1,0,0,0,1,0,2021,Spring,6
1171,FRENCH 62,French Language and Culture,Romance Languages & Lit,"Turman,Karen",8,0,0,0,0,0,0,2021,Spring,8
1172,FRENCH 76,"Protest, Dissent, and Resistan",Romance Languages & Lit,"Greene,Virginie",11,0,0,0,0,0,0,2021,Spring,11
1173,FRENCH 99B,Tutorial - Senior Year,Romance Languages & Lit,"Kim,Annabel",1,0,0,0,0,0,0,2021,Spring,1
1296,GERMAN 102,"German Literature, Art",Germanic Languages & Lit,"Schwakopf,Nadine",5,0,0,1,0,0,0,2021,Spring,6
1297,GERMAN 10AB,Beginning German (Intensive),Germanic Languages & Lit,"Parkes,Lisa Caroline",10,1,0,0,0,0,0,2021,Spring,11
1298,GERMAN 10B,Beginning German,Germanic Languages & Lit,"Parkes,Lisa Caroline",7,2,0,1,0,0,0,2021,Spring,10
1299,GERMAN 10B,Beginning German,Germanic Languages & Lit,"Parkes,Lisa Caroline",9,1,0,0,0,0,0,2021,Spring,10
1300,GERMAN 10B,Beginning German,Germanic Languages & Lit,"Parkes,Lisa Caroline",6,1,0,0,0,0,0,2021,Spring,7
1301,GERMAN 119A,German Poetry,Germanic Languages & Lit,"Burgard,Peter J.",3,1,0,0,0,0,0,2021,Spring,4
1302,GERMAN 133,Topics in Music from 1800,Germanic Languages & Lit,"Rehding,Alexander",1,1,0,0,0,0,0,2021,Spring,2
1303,GERMAN 179,Austrian History in Literature,Germanic Languages & Lit,"Frank Johnson,Alison",2,3,0,0,0,0,0,2021,Spring,5
1304,GERMAN 20AB,Intermediate German: Intensive,Germanic Languages & Lit,"Parkes,Lisa Caroline",2,1,0,1,0,0,0,2021,Spring,4
1305,GERMAN 20B,Intermediate German,Germanic Languages & Lit,"Parkes,Lisa Caroline",2,0,0,0,0,0,0,2021,Spring,2
1306,GERMAN 20B,Intermediate German,Germanic Languages & Lit,"Parkes,Lisa Caroline",6,5,0,0,0,0,0,2021,Spring,11
1307,GERMAN 260,Writing the Body,Germanic Languages & Lit,"Suetterlin,Nicole",0,4,0,1,0,0,0,2021,Spring,5
1308,GERMAN 264,The Frankfurt School,Germanic Languages & Lit,"Morgan,Benjamin Anthony Charles",2,3,0,1,0,0,0,2021,Spring,6
1309,GERMAN 300,Dissertation,Germanic Languages & Lit,"Burgard,Peter J.",0,3,0,0,0,0,0,2021,Spring,3
1310,GERMAN 300,Dissertation,Germanic Languages & Lit,"Hamilton,John T.",0,9,0,0,0,0,0,2021,Spring,9
1311,GERMAN 300,Dissertation,Germanic Languages & Lit,"Rentschler,Eric",0,2,0,0,0,0,0,2021,Spring,2
1312,GERMAN 300,Dissertation,Germanic Languages & Lit,"Suetterlin,Nicole",0,1,0,0,0,0,0,2021,Spring,1
1313,GERMAN 300,Dissertation,Germanic Languages & Lit,"Frank Johnson,Alison",0,2,0,0,0,0,0,2021,Spring,2
1314,GERMAN 310,Teaching,Germanic Languages & Lit,"Burgard,Peter J.",0,11,0,0,0,0,0,2021,Spring,11
1315,GERMAN 62,Advanced Conversation,Germanic Languages & Lit,"Parkes,Lisa Caroline",7,2,0,0,0,0,0,2021,Spring,9
1316,GERMAN 63,Germany and Europe,Germanic Languages & Lit,"Schwakopf,Nadine",8,0,0,0,0,0,0,2021,Spring,8
1317,GERMAN 90R,Dutch,Germanic Languages & Lit,"Parkes,Lisa Caroline",1,2,0,1,0,0,0,2021,Spring,4
1318,GERMAN AX,German for Reading Knowledge,Germanic Languages & Lit,"Parkes,Lisa Caroline",3,2,0,0,0,0,0,2021,Spring,5
1425,GREEK 10,Intro. to Ancient Greek Lit.,"Classics, The","Livingston,Ivy",0,2,0,1,0,0,0,2021,Spring,3
1426,GREEK 110,Plato's Symposium,"Classics, The","Zainaldin,James Lockwood",5,0,0,0,0,0,0,2021,Spring,5
1427,GREEK 112B,History of Greek Literature II,"Classics, The","Riehle,Alexander",1,0,0,0,0,0,0,2021,Spring,1
1428,GREEK 1X,Accel. Intro. Ancient Greek 1,"Classics, The","Livingston,Ivy",4,0,0,0,0,0,0,2021,Spring,4
1429,GREEK 2,Introductory Ancient Greek 2,"Classics, The","Livingston,Ivy",4,1,0,2,0,0,0,2021,Spring,7
1430,GREEK K,Adv. Greek Prose Composition,"Classics, The","Schiefsky,Mark",0,4,0,0,0,0,0,2021,Spring,4
1431,GULLAH 101BR,Advanced Gullah II,African & African Amer Studies,"Mugane,John M",1,0,0,0,0,0,0,2021,Spring,1
1432,GULLAH AB,Elementary Gullah,African & African Amer Studies,"Mugane,John M",2,1,0,0,0,0,0,2021,Spring,3
1433,GULLAH BB,Intermediate Gullah,African & African Amer Studies,"Mugane,John M",1,0,0,0,0,0,0,2021,Spring,1
1494,HAUSA AB,Elementary Hausa,African & African Amer Studies,"Mugane,John M",0,1,0,0,0,0,0,2021,Spring,1
1549,HEBREW 137,"Child Sacrifice, Pros and Cons",Near Eastern Languages & Civ,"Stern,David",0,0,1,0,0,0,0,2021,Spring,1
1550,HEBREW 235,The Binding of Isaac (Aqedah),Near Eastern Languages & Civ,"Levenson,Jon D.",0,1,0,0,0,0,0,2021,Spring,1
1551,HEBREW 255,The Passover Haggadah,Near Eastern Languages & Civ,"Stern,David",0,2,0,0,0,0,0,2021,Spring,2
1552,HIND-URD 101B,Introductory Hindi-Urdu,South Asian Studies,"Delacy,Richard Somers",14,1,0,1,0,0,0,2021,Spring,16
1553,HIND-URD 101B,Introductory Hindi-Urdu,South Asian Studies,"Kovacs,Hajnalka",0,1,0,3,0,0,0,2021,Spring,4
1554,HIND-URD 102B,Intermediate Hindi-Urdu,South Asian Studies,"Delacy,Richard Somers",2,1,0,2,0,0,0,2021,Spring,5
1555,HIND-URD 103BR,Advanced Hindi-Urdu,South Asian Studies,"Kovacs,Hajnalka",1,1,0,1,0,0,0,2021,Spring,3
1556,HIND-URD 104,Classical Urdu Ghazal,South Asian Studies,"Kovacs,Hajnalka",0,2,0,2,0,0,0,2021,Spring,4
1557,HIND-URD 105R,Topics in Hindi-Urdu Literatur,South Asian Studies,"Kovacs,Hajnalka",0,4,0,0,0,0,0,2021,Spring,4
1558,HIND-URD 123,Bollywood and Beyond,South Asian Studies,"Delacy,Richard Somers",13,0,1,0,0,0,0,2021,Spring,14
1559,HIND-URD 91R,Hindi-Urdu Supervised Readings,South Asian Studies,"Delacy,Richard Somers",0,0,0,1,0,0,0,2021,Spring,1
1751,IGBO 101BR,Advanced Igbo II,African & African Amer Studies,"Mugane,John M",7,0,0,0,0,0,0,2021,Spring,7
1752,IGBO AB,Elementary Igbo,African & African Amer Studies,"Mugane,John M",6,0,0,0,0,0,0,2021,Spring,6
1753,IGBO BB,Intermediate Igbo,African & African Amer Studies,"Mugane,John M",3,0,0,1,0,0,0,2021,Spring,4
1790,IRISH 133R,Intermediate Modern Irish,Celtic Languages & Literatures,"Sumner,Natasha",0,1,0,2,0,0,0,2021,Spring,3
1791,IRISH 204R,Readings in Early Irish Poetry,Celtic Languages & Literatures,"Nagy,Joseph F",1,3,0,0,0,0,0,2021,Spring,4
1794,ITAL 10,Beginning Italian I,Romance Languages & Lit,"Trebaiocchi,Chiara",4,0,0,2,0,0,0,2021,Spring,6
1795,ITAL 11,Beginning Italian II,Romance Languages & Lit,"Trebaiocchi,Chiara",12,0,0,0,0,0,0,2021,Spring,12
1796,ITAL 11,Beginning Italian II,Romance Languages & Lit,"Trebaiocchi,Chiara",10,1,0,0,0,0,0,2021,Spring,11
1797,ITAL 11,Beginning Italian II,Romance Languages & Lit,"Trebaiocchi,Chiara",0,0,0,0,0,0,0,2021,Spring,0
1798,ITAL 116,Renaissance Revolutions,Romance Languages & Lit,"Erspamer,Francesco",4,3,0,0,0,0,0,2021,Spring,7
1799,ITAL 15,Intensive Beginning Italian,Romance Languages & Lit,"Trebaiocchi,Chiara",5,2,0,3,0,0,0,2021,Spring,10
1800,ITAL 162,What is Time?,Romance Languages & Lit,"Erspamer,Francesco",2,4,0,0,0,0,0,2021,Spring,6
1801,ITAL 20,Intermediate Italian,Romance Languages & Lit,"Trebaiocchi,Chiara",5,1,0,2,0,0,0,2021,Spring,8
1802,ITAL 247,Dante's Commedia,Romance Languages & Lit,"Schnapp,Jeffrey",0,4,0,0,0,0,0,2021,Spring,4
1803,ITAL 30,Upper-Level Italian,Romance Languages & Lit,"Trebaiocchi,Chiara",1,2,0,0,0,0,0,2021,Spring,3
1804,ITAL 50,Advanced Italian II,Romance Languages & Lit,"Trebaiocchi,Chiara",6,0,0,0,0,0,0,2021,Spring,6
1805,JAPAN 120B,Intermediate Japanese I,East Asian Langs & Civ,"Asakura,Naomi",1,4,0,3,0,0,0,2021,Spring,8
1806,JAPAN 120B,Intermediate Japanese I,East Asian Langs & Civ,"Asakura,Naomi",3,4,0,0,0,1,0,2021,Spring,8
1807,JAPAN 130B,Intermediate Japanese II,East Asian Langs & Civ,"Graham,Tomoko Amano",4,4,0,3,0,1,0,2021,Spring,12
1808,JAPAN 130B,Intermediate Japanese II,East Asian Langs & Civ,"Graham,Tomoko Amano",3,2,0,1,0,0,0,2021,Spring,6
1809,JAPAN 140B,Advanced Modern Japanese,East Asian Langs & Civ,"Nagaya,Yoshimi",1,2,0,1,0,0,0,2021,Spring,4
1810,JAPAN 140B,Advanced Modern Japanese,East Asian Langs & Civ,"Nagaya,Yoshimi",0,2,0,0,0,0,0,2021,Spring,2
1811,JAPAN 150B,Reads & Discus Jpn Soc Sci,East Asian Langs & Civ,"Nagaya,Yoshimi",0,1,0,1,0,0,0,2021,Spring,2
1812,JAPAN 210B,Reading Academic Japanese,East Asian Langs & Civ,"Jacobsen,Wesley Mark",0,10,0,1,0,0,0,2021,Spring,11
1813,JAPAN 300,Reading and Research,East Asian Langs & Civ,"Yoda,Tomiko",0,2,0,0,0,0,0,2021,Spring,2
1814,JAPAN BB,Elementary Japanese,East Asian Langs & Civ,"Kageyama-Hunt,Yuko",9,4,0,4,0,0,0,2021,Spring,17
1815,JAPAN BB,Elementary Japanese,East Asian Langs & Civ,"Kageyama-Hunt,Yuko",9,2,0,2,0,0,0,2021,Spring,13
1816,JAPAN BB,Elementary Japanese,East Asian Langs & Civ,"Kageyama-Hunt,Yuko",9,2,0,1,0,0,0,2021,Spring,12
1824,KAMBA BB,Intermediate Kamba,African & African Amer Studies,"Mugane,John M",0,1,0,0,0,0,0,2021,Spring,1
1825,KIMERU AA,Elementary Kimeru,African & African Amer Studies,"Mugane,John M",0,0,0,1,0,0,0,2021,Spring,1
1826,KOREAN 120B,Intermediate Korean,East Asian Langs & Civ,"Noh,Ahsil",6,0,0,0,0,0,0,2021,Spring,6
1827,KOREAN 123XB,Int. Korean for Adv. Beg.,East Asian Langs & Civ,"Kim,Hi-Sun Helen",11,0,0,2,0,0,0,2021,Spring,13
1828,KOREAN 130B,Pre-advanced Korean,East Asian Langs & Civ,"Lee,Jee Hyun",13,3,0,1,0,0,0,2021,Spring,17
1829,KOREAN 140B,Advanced Korean,East Asian Langs & Civ,"Noh,Ahsil",2,0,0,0,0,0,0,2021,Spring,2
1830,KOREAN 150B,Readings in Cultural Studies,East Asian Langs & Civ,"Noh,Ahsil",0,2,0,0,0,0,0,2021,Spring,2
1831,KOREAN 300,Reading and Research,East Asian Langs & Civ,"Park,Si Nae",0,1,0,0,0,0,0,2021,Spring,1
1832,KOREAN BA,Elementary Korean,East Asian Langs & Civ,"Lee,Jee Hyun",6,2,0,0,0,0,0,2021,Spring,8
1833,KOREAN BB,Elementary Korean,East Asian Langs & Civ,"Kim,Hi-Sun Helen",9,3,0,1,0,0,0,2021,Spring,13
1834,KOREAN BB,Elementary Korean,East Asian Langs & Civ,"Kim,Hi-Sun Helen",13,0,0,3,0,0,1,2021,Spring,15
1837,LATIN 10,Intro. to Latin Literature,"Classics, The","Livingston,Ivy",3,2,0,0,0,0,0,2021,Spring,5
1838,LATIN 104,Ovid's Metamorphoses,"Classics, The","Thomas,Richard F.",14,3,0,0,0,0,0,2021,Spring,17
1839,LATIN 125,Style and the Orator,"Classics, The","Peirano Garrison,Irene",6,2,0,0,0,0,0,2021,Spring,8
1840,LATIN 1X,Accelerated Intro. Latin 1,"Classics, The","Livingston,Ivy",3,0,0,1,0,0,0,2021,Spring,4
1841,LATIN 2,Introductory Latin 2,"Classics, The","Livingston,Ivy",12,0,0,1,0,0,0,2021,Spring,13
1842,LATIN 201,Reading Latin,"Classics, The","Trettel,Adam Michael",0,2,0,0,0,0,0,2021,Spring,2
1843,LATIN H,Intro: Latin Prose Composition,"Classics, The","Livingston,Ivy",5,0,0,0,0,0,0,2021,Spring,5
1982,MEDGREEK 295,The Greek Anthology,"Classics, The","Riehle,Alexander",0,2,0,0,0,0,0,2021,Spring,2
1983,MEDLATIN 10,Intro. to Medieval Latin Lit.,"Classics, The","Trettel,Adam Michael",1,0,0,0,0,0,0,2021,Spring,1
1984,MEDLATIN 121,Latin Literature 13001600 CE,"Classics, The","Trettel,Adam Michael",1,3,0,0,0,0,0,2021,Spring,4
2014,MOD-HEB 120B,Intermediate Modern Hebrew II,Near Eastern Languages & Civ,"Aharony,Irit",2,3,0,0,0,0,0,2021,Spring,5
2015,MOD-HEB 130B,Advanced Modern Hebrew II,Near Eastern Languages & Civ,"Aharony,Irit",0,1,0,1,0,0,0,2021,Spring,2
2016,MOD-HEB 241R,Adv Seminar in Modern Hebrew,Near Eastern Languages & Civ,"Aharony,Irit",4,1,0,0,0,0,0,2021,Spring,5
2017,MOD-HEB BB,Elementary Modern Hebrew II,Near Eastern Languages & Civ,"Aharony,Irit",7,2,0,1,0,0,0,2021,Spring,10
2018,MODGRK 100,Advanced Modern Greek,"Classics, The","Dourou,Calliopi Ioannis",1,2,0,0,0,0,0,2021,Spring,3
2019,MODGRK 90,Modern Greek Language Tutorial,"Classics, The","Dourou,Calliopi Ioannis",0,2,0,0,0,0,0,2021,Spring,2
2020,MODGRK AB,Elementary Modern Greek,"Classics, The","Dourou,Calliopi Ioannis",1,2,0,2,0,0,0,2021,Spring,5
2021,MODGRK BB,Intermediate Modern Greek,"Classics, The","Dourou,Calliopi Ioannis",1,0,0,0,0,1,0,2021,Spring,2
2082,NEP 102B,Intermediate Nepali,South Asian Studies,"Delacy,Richard Somers",1,0,0,0,0,0,0,2021,Spring,1
2083,NEP 301,Reading and Research,South Asian Studies,"Witzel,Michael",0,1,0,0,0,0,0,2021,Spring,1
2206,PERSIAN 130BR,Persian Lit & Hist Texts,Near Eastern Languages & Civ,"Dayani,Sheida",1,1,0,0,0,0,0,2021,Spring,2
2207,PERSIAN 252,Classical Persian Literature,Near Eastern Languages & Civ,"Landau,Justine Karen",0,4,0,1,0,0,0,2021,Spring,5
2208,PERSIAN 300,Persian Language & Literature,Near Eastern Languages & Civ,"Landau,Justine Karen",0,1,0,0,0,0,0,2021,Spring,1
2209,PERSIAN AB,Elementary Persian II,Near Eastern Languages & Civ,"Dayani,Sheida",2,5,0,5,0,0,0,2021,Spring,12
2210,PERSIAN BB,Intermediate Persian II,Near Eastern Languages & Civ,"Dayani,Sheida",3,9,0,1,0,0,0,2021,Spring,13
2363,PLSH AB,Elementary Polish II,Slavic Languages & Literatures,"Baranczak,Anna",2,1,0,0,0,0,0,2021,Spring,3
2364,PLSH BB,Intermediate Polish II,Slavic Languages & Literatures,"Baranczak,Anna",1,0,0,0,0,0,0,2021,Spring,1
2365,PLSH CR,Advanced Polish,Slavic Languages & Literatures,"Baranczak,Anna",0,3,0,0,0,0,0,2021,Spring,3
2366,PORTUG 10S,Portuguese for Spanish Spkrs I,Romance Languages & Lit,"Cruz,Benedict",4,2,0,0,0,0,0,2021,Spring,6
2367,PORTUG 11,Beginning Portuguese II,Romance Languages & Lit,Unknown,0,0,0,0,0,0,0,2021,Spring,0
2368,PORTUG 11S,Begin. Portug for Spnsh Spkrs,Romance Languages & Lit,"Cruz,Benedict",5,1,0,0,0,0,0,2021,Spring,6
2369,PORTUG 11S,Begin. Portug for Spnsh Spkrs,Romance Languages & Lit,"Cruz,Benedict",0,0,0,0,0,0,0,2021,Spring,0
2370,PORTUG 30,Upper-Level Portuguese,Romance Languages & Lit,"Gontijo,Viviane",5,1,0,0,0,0,0,2021,Spring,6
2371,PORTUG 321,Literature of Brazil,Romance Languages & Lit,"Carvalho,Bruno Martins",0,1,0,0,0,0,0,2021,Spring,1
2372,PORTUG 59,Portuguese and the Community,Romance Languages & Lit,"Gontijo,Viviane",3,0,0,0,0,0,0,2021,Spring,3
2564,RUSS 103,Advanced Russian II,Slavic Languages & Literatures,"Egorova,Veronika A.",6,4,0,1,0,0,0,2021,Spring,11
2565,RUSS 112,Advanced Russian,Slavic Languages & Literatures,"Pokrovsky,Natalia",1,2,0,0,0,0,0,2021,Spring,3
2566,RUSS 114,Advanced Russian,Slavic Languages & Literatures,"Pokrovsky,Natalia",3,2,0,0,0,0,0,2021,Spring,5
2567,RUSS 120R,Readings in Advanced Russian,Slavic Languages & Literatures,"Clancy,Steven",0,3,0,0,0,0,0,2021,Spring,3
2568,RUSS AAB,Elementary Russian (Intensive),Slavic Languages & Literatures,"Chirkov,Natalia Georgievna",4,1,0,0,0,0,0,2021,Spring,5
2569,RUSS AB,Elementary Russian II,Slavic Languages & Literatures,"Clancy,Steven",5,0,0,0,0,0,0,2021,Spring,5
2570,RUSS AB,Elementary Russian II,Slavic Languages & Literatures,"Clancy,Steven",5,1,0,0,0,0,0,2021,Spring,6
2571,RUSS BAB,Intermediate Russian (Intensiv,Slavic Languages & Literatures,"Chirkov,Natalia Georgievna",2,2,0,0,0,0,0,2021,Spring,4
2572,RUSS BB,Intermediate Russian II,Slavic Languages & Literatures,"Egorova,Veronika A.",5,3,1,1,0,1,0,2021,Spring,11
2573,SANSKRIT 101B,Elementary Sanskrit,South Asian Studies,"Hawley,Nell Shapiro",2,3,0,1,0,0,0,2021,Spring,6
2574,SANSKRIT 102BR,Intermediate Sanskrit II,South Asian Studies,"Hawley,Nell Shapiro",0,1,0,4,0,1,0,2021,Spring,6
2575,SANSKRIT 108,Intro to Vedic Lit & Culture,South Asian Studies,"Witzel,Michael",0,1,0,1,0,0,0,2021,Spring,2
2576,SANSKRIT 150,Introduction to Vedic Language,South Asian Studies,"Witzel,Michael",0,1,0,1,0,0,0,2021,Spring,2
2577,SANSKRIT 200AR,Advanced Poetic Sanskrit,South Asian Studies,"Hawley,Nell Shapiro",1,3,0,2,0,0,0,2021,Spring,6
2578,SANSKRIT 250R,Nth Year Sanskrit: Seminar,South Asian Studies,"Patil,Parimal G.",0,4,0,0,0,0,0,2021,Spring,4
2579,SANSKRIT 301,Reading and Research,South Asian Studies,"Patil,Parimal G.",0,1,0,0,0,0,0,2021,Spring,1
2580,SANSKRIT 310,Doctoral Dissertations,South Asian Studies,"Patil,Parimal G.",0,1,0,0,0,0,0,2021,Spring,1
2581,SANSKRIT 91R,Supervised Reading & Research,South Asian Studies,"Hawley,Nell Shapiro",0,1,0,0,0,0,0,2021,Spring,1
2594,SCAND 90R.C,Norwegian,Germanic Languages & Lit,"Broome,Agnes",3,0,0,0,0,0,0,2021,Spring,3
2726,SOMALI 101BR,Advanced Somali II,African & African Amer Studies,"Mugane,John M",1,0,0,0,0,0,0,2021,Spring,1
2727,SPANSH 10,Beginning Spanish I,Romance Languages & Lit,"Mendez Seijas,Jorge",5,1,0,1,0,1,0,2021,Spring,8
2728,SPANSH 10,Beginning Spanish I,Romance Languages & Lit,"Mendez Seijas,Jorge",7,1,0,2,0,0,0,2021,Spring,10
2729,SPANSH 11,Beginning Spanish II,Romance Languages & Lit,"Parra-Velasco,Maria Luisa",9,1,0,0,0,0,0,2021,Spring,10
2730,SPANSH 11,Beginning Spanish II,Romance Languages & Lit,"Parra-Velasco,Maria Luisa",9,0,0,2,0,0,0,2021,Spring,11
2731,SPANSH 11,Beginning Spanish II,Romance Languages & Lit,"Parra-Velasco,Maria Luisa",12,0,0,0,0,0,0,2021,Spring,12
2732,SPANSH 11,Beginning Spanish II,Romance Languages & Lit,"Parra-Velasco,Maria Luisa",12,1,0,0,0,0,0,2021,Spring,13
2733,SPANSH 11,Beginning Spanish II,Romance Languages & Lit,"Parra-Velasco,Maria Luisa",9,0,0,3,0,0,0,2021,Spring,12
2734,SPANSH 11,Beginning Spanish II,Romance Languages & Lit,"Parra-Velasco,Maria Luisa",10,0,0,0,0,0,0,2021,Spring,10
2735,SPANSH 129R,Culture & Devel: Paraguay,Romance Languages & Lit,"Sommer,Doris",1,1,0,0,0,0,0,2021,Spring,2
2736,SPANSH 142,Immigration and Globalization,Romance Languages & Lit,"Vega-Duran,Raquel",11,0,0,1,0,0,0,2021,Spring,12
2737,SPANSH 15,Intensive Beginning Spanish,Romance Languages & Lit,"Mendez Seijas,Jorge",7,5,0,1,0,0,0,2021,Spring,13
2738,SPANSH 171,Barcelona and Catalan Culture,Romance Languages & Lit,"Obis Monne,Aina",3,0,0,0,0,0,0,2021,Spring,3
2739,SPANSH 194,The Borges Machine,Romance Languages & Lit,"Siskind,Mariano",10,8,0,0,0,0,0,2021,Spring,18
2740,SPANSH 20,Intermediate Spanish,Romance Languages & Lit,"Gutierrez,Adriana",10,0,0,0,0,0,0,2021,Spring,10
2741,SPANSH 20,Intermediate Spanish,Romance Languages & Lit,"Gutierrez,Adriana",11,0,0,1,0,0,0,2021,Spring,12
2742,SPANSH 20,Intermediate Spanish,Romance Languages & Lit,"Gutierrez,Adriana",12,2,0,0,0,0,0,2021,Spring,14
2743,SPANSH 20,Intermediate Spanish,Romance Languages & Lit,"Gutierrez,Adriana",11,0,0,0,0,0,0,2021,Spring,11
2744,SPANSH 20,Intermediate Spanish,Romance Languages & Lit,"Gutierrez,Adriana",7,1,0,2,0,0,0,2021,Spring,10
2745,SPANSH 20,Intermediate Spanish,Romance Languages & Lit,"Gutierrez,Adriana",8,0,0,0,0,0,0,2021,Spring,8
2746,SPANSH 20,Intermediate Spanish,Romance Languages & Lit,"Gutierrez,Adriana",12,0,0,0,0,0,0,2021,Spring,12
2747,SPANSH 270,Politics of the Poem,Romance Languages & Lit,"Aguirre-Oteiza,Daniel",0,3,0,0,0,0,0,2021,Spring,3
2748,SPANSH 30,Upper-level Spanish,Romance Languages & Lit,"Liander,Johanna Damgaard",10,2,0,0,0,0,0,2021,Spring,12
2749,SPANSH 30,Upper-level Spanish,Romance Languages & Lit,"Liander,Johanna Damgaard",14,1,0,0,0,0,0,2021,Spring,15
2750,SPANSH 30,Upper-level Spanish,Romance Languages & Lit,"Liander,Johanna Damgaard",15,0,0,0,0,0,0,2021,Spring,15
2751,SPANSH 30,Upper-level Spanish,Romance Languages & Lit,"Liander,Johanna Damgaard",12,0,0,0,0,0,0,2021,Spring,12
2752,SPANSH 30,Upper-level Spanish,Romance Languages & Lit,"Liander,Johanna Damgaard",11,0,0,0,0,0,0,2021,Spring,11
2753,SPANSH 330,Doctoral Dissertations,Romance Languages & Lit,"Siskind,Mariano",0,3,0,0,0,0,0,2021,Spring,3
2754,SPANSH 40,Advanced Spanish Language I,Romance Languages & Lit,"Liander,Johanna Damgaard",7,0,0,2,0,0,0,2021,Spring,9
2755,SPANSH 40,Advanced Spanish Language I,Romance Languages & Lit,"Liander,Johanna Damgaard",10,0,0,0,0,0,0,2021,Spring,10
2756,SPANSH 40,Advanced Spanish Language I,Romance Languages & Lit,"Liander,Johanna Damgaard",11,0,0,0,0,0,0,2021,Spring,11
2757,SPANSH 50,Advanced Spanish II,Romance Languages & Lit,"Gutierrez,Adriana",11,1,0,0,0,0,0,2021,Spring,12
2758,SPANSH 50,Advanced Spanish II,Romance Languages & Lit,"Gutierrez,Adriana",14,0,0,0,0,0,0,2021,Spring,14
2759,SPANSH 50,Advanced Spanish II,Romance Languages & Lit,"Gutierrez,Adriana",12,0,0,0,0,0,0,2021,Spring,12
2760,SPANSH 50,Advanced Spanish II,Romance Languages & Lit,"Gutierrez,Adriana",4,1,0,0,0,0,0,2021,Spring,5
2761,SPANSH 59,Spanish and the Community,Romance Languages & Lit,"Parra-Velasco,Maria Luisa",10,0,0,0,0,0,0,2021,Spring,10
2762,SPANSH 59H,Spanish for Latino Students II,Romance Languages & Lit,"Parra-Velasco,Maria Luisa",14,0,0,1,0,0,0,2021,Spring,15
2763,SPANSH 61N,Ethics of Business in Lat Am,Romance Languages & Lit,"Gutierrez,Adriana",10,0,0,1,0,0,0,2021,Spring,11
2764,SPANSH 66,Reading & Writing in Lat Amer,Romance Languages & Lit,"Gutierrez,Adriana",7,0,0,0,0,0,0,2021,Spring,7
2765,SPANSH 72,Intro Spanish Lit and Culture,Romance Languages & Lit,"Vega-Duran,Raquel",12,0,0,1,0,0,0,2021,Spring,13
2766,SPANSH 80TS,Translating Boundaries in Spai,Romance Languages & Lit,"Aguirre-Oteiza,Daniel",5,0,0,0,0,0,0,2021,Spring,5
2767,SPANSH 81,Table Talk and Food Writing,Romance Languages & Lit,"Liander,Johanna Damgaard",18,0,0,0,0,0,0,2021,Spring,18
2768,SPANSH 99B,Tutorial - Senior Year,Romance Languages & Lit,"Parra-Velasco,Maria Luisa",1,0,0,0,0,0,0,2021,Spring,1
2805,SUDANESE 101BR,Advance Sudanese Arabic II,African & African Amer Studies,"Mugane,John M",2,1,0,0,0,0,0,2021,Spring,3
2806,SUDANESE AB,Elementary Sudanese Arabic,African & African Amer Studies,"Mugane,John M",0,1,0,1,0,0,0,2021,Spring,2
2807,SUMERIAN AB,Introductory Sumerian II,Near Eastern Languages & Civ,"Barjamovic,Gojko",0,2,0,0,0,0,0,2021,Spring,2
2808,SWAHILI 101BR,Reading in Swahili II,African & African Amer Studies,"Mugane,John M",2,0,0,0,0,0,0,2021,Spring,2
2809,SWAHILI AB,Elementary Swahili,African & African Amer Studies,"Mugane,John M",6,0,0,3,0,0,0,2021,Spring,9
2810,SWAHILI BB,Intermediate Swahili,African & African Amer Studies,"Mugane,John M",2,0,0,0,0,0,0,2021,Spring,2
2811,SWEDISH 10B,Beginning Swedish Lang and Lit,Germanic Languages & Lit,"Broome,Agnes",7,1,0,1,0,0,0,2021,Spring,9
2812,SWEDISH 20B,Intermediate Swedish,Germanic Languages & Lit,"Broome,Agnes",0,2,0,0,0,0,0,2021,Spring,2
2813,SYRIAC AB,Elementary Syriac II,Near Eastern Languages & Civ,"Possekel,Ute",0,1,0,1,0,0,0,2021,Spring,2
2847,TAM 101B,Elementary Tamil,South Asian Studies,"Ripley,Jonathan Daniel",5,1,0,3,0,0,0,2021,Spring,9
2848,TAM 102B,Intermediate Tamil,South Asian Studies,"Ripley,Jonathan Daniel",1,1,0,2,0,0,0,2021,Spring,4
2849,TAM 103BR,Advanced Tamil,South Asian Studies,"Ripley,Jonathan Daniel",0,2,0,0,0,0,0,2021,Spring,2
2869,THI 102B,Intermediate Thai II,South Asian Studies,"Delacy,Richard Somers",1,0,0,1,0,0,0,2021,Spring,2
2870,THI 103BR,Readings in Thai II,South Asian Studies,"Delacy,Richard Somers",2,0,0,0,0,0,0,2021,Spring,2
2871,TIBET 101B,Elementary Classical Tibetan,South Asian Studies,"van der Kuijp,Leonard Willem Johannes",0,1,0,0,0,0,0,2021,Spring,1
2872,TIBET 102B,Intermediate Classical Tibetan,South Asian Studies,"van der Kuijp,Leonard Willem Johannes",0,1,0,1,0,0,0,2021,Spring,2
2873,TIBET 104BR,Elementary Colloquial Tibetan,South Asian Studies,"Delacy,Richard Somers",1,1,0,0,0,0,0,2021,Spring,2
2874,TIBET 105BR,Intermed Colloquial Tibetan,South Asian Studies,"Delacy,Richard Somers",0,1,0,0,0,0,0,2021,Spring,1
2875,TIBET 106BR,Advanced Colloquial Tibetan,South Asian Studies,"Delacy,Richard Somers",0,1,0,0,0,0,0,2021,Spring,1
2876,TIBET 215,Perspectives on 3 Cycles...,South Asian Studies,"van der Kuijp,Leonard Willem Johannes",0,3,0,1,0,0,0,2021,Spring,4
2877,TIBET 216,Inner Asia - Sog po Blo...,South Asian Studies,"van der Kuijp,Leonard Willem Johannes",0,4,0,0,0,0,0,2021,Spring,4
2878,TIBET 300,Reading and Research,South Asian Studies,"van der Kuijp,Leonard Willem Johannes",0,1,0,0,0,0,0,2021,Spring,1
2879,TIGRINYA 101BR,Advanced Tigrinya II,African & African Amer Studies,"Mugane,John M",1,0,0,0,0,0,0,2021,Spring,1
2880,TURKISH 120B,Intermediate Modern Turkish II,Near Eastern Languages & Civ,"Demir,Meryem",1,4,0,0,0,0,0,2021,Spring,5
2881,TURKISH 130B,Advanced Modern Turkish II,Near Eastern Languages & Civ,"Taskomur,Himmet",0,2,0,0,0,0,0,2021,Spring,2
2882,TURKISH 140B,Intro to Ottoman Turkish II,Near Eastern Languages & Civ,"Taskomur,Himmet",0,1,0,0,0,0,0,2021,Spring,1
2883,TURKISH 150B,Advanced Ottoman Turkish II,Near Eastern Languages & Civ,"Taskomur,Himmet",0,5,0,0,0,0,0,2021,Spring,5
2884,TURKISH AB,Elementary Modern Turkish II,Near Eastern Languages & Civ,"Demir,Meryem",3,5,0,0,0,0,0,2021,Spring,8
2885,TWI AB,Elementary Twi,African & African Amer Studies,"Mugane,John M",1,1,0,2,0,0,0,2021,Spring,4
2886,TWI BB,Intermediate Twi,African & African Amer Studies,"Mugane,John M",5,0,0,0,0,0,0,2021,Spring,5
2887,UKRA AB,Elementary Ukrainian II,Slavic Languages & Literatures,"Dibrova,Volodymyr",0,0,0,0,0,1,0,2021,Spring,1
2889,UYGHUR B,Elementary Uyghur,East Asian Langs & Civ,"Gulina,Aizezi",0,2,0,0,0,0,0,2021,Spring,2
2890,VIETNAM 120B,Intermediate Vietnamese,East Asian Langs & Civ,"Ngo,Binh",1,0,0,0,0,0,0,2021,Spring,1
2891,VIETNAM BB,Elementary Vietnamese,East Asian Langs & Civ,"Ngo,Binh",1,1,0,7,0,0,0,2021,Spring,9
2903,WELSH 225B,Medieval Welsh Poetry,Celtic Languages & Literatures,"McKenna,Catherine",1,2,0,0,0,0,0,2021,Spring,3
2917,WSTAFRCN AB,Elementary West African Pidgin,African & African Amer Studies,"Mugane,John M",15,0,0,0,0,0,0,2021,Spring,15
2918,WSTAFRCN BB,Intermediate West African Pidg,African & African Amer Studies,"Mugane,John M",4,0,0,0,0,0,0,2021,Spring,4
2919,YIDDISH 111,Old Yiddish,Near Eastern Languages & Civ,"Aptroot,Marion",0,2,0,0,0,0,0,2021,Spring,2
2920,YIDDISH AB,Elementary Yiddish II,Near Eastern Languages & Civ,"Feldman,Sara",0,0,0,3,0,0,0,2021,Spring,3
2921,YIDDISH CB,Advanced Yiddish II,Near Eastern Languages & Civ,"Feldman,Sara",0,2,0,0,0,0,0,2021,Spring,2
2922,YORUBA AB,Elementary Yoruba,African & African Amer Studies,"Mugane,John M",5,1,1,0,0,0,0,2021,Spring,7
2923,YORUBA BB,Intermediate Yoruba,African & African Amer Studies,"Mugane,John M",3,0,0,2,0,0,0,2021,Spring,5
2924,ZULU AB,Elementary Zulu,African & African Amer Studies,"Mugane,John M",22,0,0,1,0,0,0,2021,Spring,23
2925,ZULU BB,Intermediate Zulu,African & African Amer Studies,"Mugane,John M",1,0,0,0,0,0,0,2021,Spring,1
18,AFRIKAAN AA,Elementary Afrikaans,African & African Amer Studies,"Mugane,John M",10,0,0,0,0,0,0,2021,Fall,10
63,AKKAD AA,Introductory Akkadian I,Near Eastern Languages & Civ,"Barjamovic,Gojko",1,1,0,0,0,0,0,2021,Fall,2
64,AMHARIC 101AR,Advanced Amharic,African & African Amer Studies,"Mugane,John M",0,0,0,0,0,0,0,2021,Fall,0
65,AMHARIC AA,Elementary Amharic,African & African Amer Studies,"Mugane,John M",3,0,0,0,0,0,0,2021,Fall,3
187,ARABIC 130A,Upper-Level Classical Arabic I,Near Eastern Languages & Civ,"Granara,William",2,2,0,0,0,0,0,2021,Fall,4
188,ARABIC 131A,Upper-Level Modern Arabic l,Near Eastern Languages & Civ,"Madi,Amr Abdelhadi Elsayed",8,5,1,0,0,0,0,2021,Fall,14
189,ARABIC 131A,Upper-Level Modern Arabic l,Near Eastern Languages & Civ,"Madi,Amr Abdelhadi Elsayed",9,1,0,0,0,0,0,2021,Fall,10
190,ARABIC 241AR,Advanced Modern Arabic Bridge,Near Eastern Languages & Civ,"Habib,Muhammad Ahmad",7,2,0,1,0,0,0,2021,Fall,10
191,ARABIC 242AR,Arabic Five,Near Eastern Languages & Civ,"Habib,Muhammad Ahmad",5,1,0,2,0,0,0,2021,Fall,8
192,ARABIC 249R,Arabic Philosophical Texts,Near Eastern Languages & Civ,"El-Rouayheb,Khaled",0,3,0,0,0,0,0,2021,Fall,3
193,ARABIC AA,Elementary Arabic I,Near Eastern Languages & Civ,"Cozzens,Richard",14,2,0,1,0,0,0,2021,Fall,17
194,ARABIC AA,Elementary Arabic I,Near Eastern Languages & Civ,"Cozzens,Richard",7,2,0,1,0,0,0,2021,Fall,10
195,ARABIC AA,Elementary Arabic I,Near Eastern Languages & Civ,"Halaby,Gregory",4,0,0,2,0,0,0,2021,Fall,6
196,ARABIC AA,Elementary Arabic I,Near Eastern Languages & Civ,"Habib,Muhammad Ahmad",6,1,1,3,0,0,0,2021,Fall,11
197,ARABIC BA,Intermediate Arabic I,Near Eastern Languages & Civ,"Halaby,Gregory",6,3,0,1,0,0,0,2021,Fall,10
198,ARABIC BA,Intermediate Arabic I,Near Eastern Languages & Civ,"Halaby,Gregory",3,3,0,0,0,0,0,2021,Fall,6
199,ARABIC BA,Intermediate Arabic I,Near Eastern Languages & Civ,"Cozzens,Richard",6,1,0,1,0,0,0,2021,Fall,8
200,ARMEN AA,Elem Modern Western Armenian I,Near Eastern Languages & Civ,"Gulesserian,Lisa",0,1,0,0,0,0,0,2021,Fall,1
201,ARMEN BA,Int. Modern Western Armenian I,Near Eastern Languages & Civ,"Gulesserian,Lisa",1,3,0,0,0,0,0,2021,Fall,4
270,BCS AA,Elementary BCS I,Slavic Languages & Literatures,"Kuzmic,Tatiana",0,1,0,1,0,0,0,2021,Fall,2
271,BCS BA,Intermediate BCS I,Slavic Languages & Literatures,"Kuzmic,Tatiana",5,2,0,0,0,0,0,2021,Fall,7
272,BCS CR,Advanced BCS,Slavic Languages & Literatures,"Kuzmic,Tatiana",2,1,0,0,0,0,0,2021,Fall,3
357,CATALAN 10,Introduction to Catalan,Romance Languages & Lit,"Obis Monne,Aina",2,0,0,0,0,0,0,2021,Fall,2
358,CATALAN 91R,Supervised Reading and Researc,Romance Languages & Lit,"Aguirre-Oteiza,Daniel",0,1,0,0,0,0,0,2021,Fall,1
461,CHNSE 106A,Intro to Literary Chinese,East Asian Langs & Civ,"Sena,David M",2,4,1,0,0,0,0,2021,Fall,7
462,CHNSE 107A,Intermediate Literary Chinese,East Asian Langs & Civ,"Sena,David M",2,2,0,1,0,0,0,2021,Fall,5
463,CHNSE 120A,Intermediate Modern Chinese,East Asian Langs & Civ,"Yang,Bin",20,0,0,0,0,0,0,2021,Fall,20
464,CHNSE 120A,Intermediate Modern Chinese,East Asian Langs & Civ,"Yang,Bin",10,0,0,0,0,0,0,2021,Fall,10
465,CHNSE 120A,Intermediate Modern Chinese,East Asian Langs & Civ,"Yang,Bin",9,2,0,0,0,1,0,2021,Fall,12
466,CHNSE 130A,Pre-Advanced Modern Chinese,East Asian Langs & Civ,"Jia,Fan",13,0,0,0,0,0,0,2021,Fall,13
467,CHNSE 130A,Pre-Advanced Modern Chinese,East Asian Langs & Civ,"Jia,Fan",9,1,0,2,0,0,0,2021,Fall,12
468,CHNSE 130A,Pre-Advanced Modern Chinese,East Asian Langs & Civ,"Jia,Fan",14,1,0,1,1,0,0,2021,Fall,17
469,CHNSE 130XA,Pre-Adv Mod Chin for High-Prof,East Asian Langs & Civ,"Zhang,Fangzheng",12,0,0,0,0,0,0,2021,Fall,12
470,CHNSE 130XA,Pre-Adv Mod Chin for High-Prof,East Asian Langs & Civ,"Zhang,Fangzheng",7,0,0,2,0,0,0,2021,Fall,9
471,CHNSE 140A,Advanced Modern Chinese,East Asian Langs & Civ,"Chen,Xiaocheng",4,1,0,0,0,0,0,2021,Fall,5
472,CHNSE 140A,Advanced Modern Chinese,East Asian Langs & Civ,"Chen,Xiaocheng",8,0,0,1,0,0,0,2021,Fall,9
473,CHNSE 140XA,Adv Mod Chin for High-Prof,East Asian Langs & Civ,"Yu,Xiaoshi",8,0,0,1,0,0,0,2021,Fall,9
474,CHNSE 140XA,Adv Mod Chin for High-Prof,East Asian Langs & Civ,"Yu,Xiaoshi",5,2,0,3,0,0,0,2021,Fall,10
475,CHNSE 142A,Advanced Conversational Chines,East Asian Langs & Civ,"Wang,Dan",4,1,0,1,0,0,0,2021,Fall,6
476,CHNSE 150A,Reads & Disc in Acad Prof Chin,East Asian Langs & Civ,"Wang,Dan",1,2,0,0,0,0,0,2021,Fall,3
477,CHNSE 166R,Chinese in the Humanities,East Asian Langs & Civ,"Liu,Jennifer Li-Chia",4,0,0,0,0,0,0,2021,Fall,4
478,CHNSE 300,Reading and Research,East Asian Langs & Civ,"Li,Wai-yee",0,1,0,0,0,0,0,2021,Fall,1
479,CHNSE 300,Reading and Research,East Asian Langs & Civ,"Tian,Xiaofei",0,1,0,0,0,0,0,2021,Fall,1
480,CHNSE 300,Reading and Research,East Asian Langs & Civ,"Puett,Michael J.",0,1,0,0,0,0,0,2021,Fall,1
481,CHNSE 300,Reading and Research,East Asian Langs & Civ,"Wang,David",0,1,0,0,0,0,0,2021,Fall,1
482,CHNSE BA,Elementary Modern Chinese,East Asian Langs & Civ,"Du,Landon (Yuxiao)",32,1,0,0,0,1,0,2021,Fall,34
483,CHNSE BA,Elementary Modern Chinese,East Asian Langs & Civ,"Du,Landon (Yuxiao)",9,0,0,0,0,0,0,2021,Fall,9
484,CHNSE BA,Elementary Modern Chinese,East Asian Langs & Civ,"Du,Landon (Yuxiao)",18,0,0,0,0,0,0,2021,Fall,18
485,CHNSE BA,Elementary Modern Chinese,East Asian Langs & Civ,"Du,Landon (Yuxiao)",13,0,0,1,0,0,0,2021,Fall,14
486,CHNSE BA,Elementary Modern Chinese,East Asian Langs & Civ,"Du,Landon (Yuxiao)",17,0,0,1,0,0,0,2021,Fall,18
487,CHNSE BA,Elementary Modern Chinese,East Asian Langs & Civ,"Du,Landon (Yuxiao)",4,0,0,1,0,0,0,2021,Fall,5
488,CHNSE BX,Elem Chinese for Adv Beginners,East Asian Langs & Civ,"Ying,Jie",11,1,0,0,0,0,0,2021,Fall,12
489,CHNSE BX,Elem Chinese for Adv Beginners,East Asian Langs & Civ,"Ying,Jie",13,0,0,1,0,0,0,2021,Fall,14
490,CHNSE BX,Elem Chinese for Adv Beginners,East Asian Langs & Civ,"Ying,Jie",11,0,0,0,0,0,0,2021,Fall,11
498,CLAS-HEB 130AR,Rapid Reading Class Hebrew I,Near Eastern Languages & Civ,"Teeter,Andrew",0,2,0,0,0,0,0,2021,Fall,2
499,CLAS-HEB AA,Elementary Classical Hebrew I,Near Eastern Languages & Civ,"Teeter,Andrew",4,1,0,0,0,0,0,2021,Fall,5
631,CZCH AA,Elementary Czech I,Slavic Languages & Literatures,"Tuckerova,Veronika",1,1,0,0,0,1,0,2021,Fall,3
632,CZCH BA,Intermediate Czech I,Slavic Languages & Literatures,"Tuckerova,Veronika",2,0,0,0,0,0,0,2021,Fall,2
633,CZCH CR,Advanced Czech,Slavic Languages & Literatures,"Tuckerova,Veronika",2,1,0,0,0,0,0,2021,Fall,3
797,EGYPTARB 101AR,Advanced Egyptian Arabic,African & African Amer Studies,"Mugane,John M",0,0,0,2,0,0,0,2021,Fall,2
798,EGYPTARB AA,Elementary Egyptian Arabic,African & African Amer Studies,"Mugane,John M",0,0,0,0,0,0,0,2021,Fall,0
799,EGYPTARB BA,Intermediate Egyptian Arabic,African & African Amer Studies,"Mugane,John M",0,1,0,0,0,0,0,2021,Fall,1
800,EGYPTIAN 227,Critical Readings: Egyptology,Near Eastern Languages & Civ,"Manuelian,Peter Der",0,3,0,0,0,0,0,2021,Fall,3
801,EGYPTIAN 300,Egyptian Text-Reading,Near Eastern Languages & Civ,"Manuelian,Peter Der",0,1,0,0,0,0,0,2021,Fall,1
1060,FRENCH 10,Beginning French I,Romance Languages & Lit,"Mills,Nicole",8,2,0,1,0,0,0,2021,Fall,11
1061,FRENCH 10,Beginning French I,Romance Languages & Lit,"Mills,Nicole",12,0,0,1,0,0,0,2021,Fall,13
1062,FRENCH 10,Beginning French I,Romance Languages & Lit,"Mills,Nicole",9,0,0,1,0,0,0,2021,Fall,10
1063,FRENCH 10,Beginning French I,Romance Languages & Lit,"Mills,Nicole",13,0,0,0,0,0,0,2021,Fall,13
1064,FRENCH 10,Beginning French I,Romance Languages & Lit,"Mills,Nicole",5,1,0,2,0,0,0,2021,Fall,8
1065,FRENCH 11,Beginning French II,Romance Languages & Lit,"Mills,Nicole",12,0,0,2,0,0,0,2021,Fall,14
1066,FRENCH 11,Beginning French II,Romance Languages & Lit,"Mills,Nicole",5,1,0,0,0,0,0,2021,Fall,6
1067,FRENCH 117,"Politics, Aesthetics of Mourn",Romance Languages & Lit,"Rodriguez,Matthew Elbert",2,1,0,1,0,0,0,2021,Fall,4
1068,FRENCH 16,Reading French for Research,Romance Languages & Lit,"Mills,Nicole",1,5,0,2,0,0,0,2021,Fall,8
1069,FRENCH 177,Poetic Revolutions,Romance Languages & Lit,"Conley,Verena",2,2,0,1,0,0,0,2021,Fall,5
1070,FRENCH 180,Women Writing in French,Romance Languages & Lit,"Jardine,Alice",12,2,0,0,0,0,0,2021,Fall,14
1071,FRENCH 20,Intermediate French,Romance Languages & Lit,"Turman,Karen",13,0,0,0,0,0,0,2021,Fall,13
1072,FRENCH 20,Intermediate French,Romance Languages & Lit,"Turman,Karen",12,0,0,0,0,0,0,2021,Fall,12
1073,FRENCH 20,Intermediate French,Romance Languages & Lit,"Turman,Karen",11,0,0,0,0,0,0,2021,Fall,11
1074,FRENCH 30,Upper-level French,Romance Languages & Lit,"Brisson,Claire-Marie",12,0,0,1,0,0,0,2021,Fall,13
1075,FRENCH 30,Upper-level French,Romance Languages & Lit,"Brisson,Claire-Marie",10,0,0,2,0,0,0,2021,Fall,12
1076,FRENCH 320,French Literature,Romance Languages & Lit,"Jardine,Alice",0,1,0,0,0,0,0,2021,Fall,1
1077,FRENCH 40,Advanced French I,Romance Languages & Lit,"Brisson,Claire-Marie",16,0,0,1,0,0,0,2021,Fall,17
1078,FRENCH 40,Advanced French I,Romance Languages & Lit,"Brisson,Claire-Marie",9,0,0,0,0,0,0,2021,Fall,9
1079,FRENCH 50,Advanced French II,Romance Languages & Lit,"Turman,Karen",14,0,0,1,0,0,0,2021,Fall,15
1080,FRENCH 62,French Language and Culture,Romance Languages & Lit,"Turman,Karen",9,0,0,0,0,0,0,2021,Fall,9
1081,FRENCH 62,French Language and Culture,Romance Languages & Lit,"Turman,Karen",5,0,0,1,0,0,0,2021,Fall,6
1082,FRENCH 70A,French Lit I,Romance Languages & Lit,"Conley,Tom",6,0,0,0,0,0,0,2021,Fall,6
1083,FRENCH 80,French Theater and Performance,Romance Languages & Lit,"Rodriguez,Matthew Elbert",9,0,0,1,0,0,0,2021,Fall,10
1084,FRENCH 88,Comic Relief: Power of Humor,Romance Languages & Lit,"Richman,Kathy A.",10,0,0,0,0,0,0,2021,Fall,10
1085,FRENCH 91R,Supervised Reading and Researc,Romance Languages & Lit,"Richman,Kathy A.",1,0,0,0,0,0,0,2021,Fall,1
1234,GERMAN 102,"German Literature, Art",Germanic Languages & Lit,"Schwakopf,Nadine",11,0,0,0,0,0,0,2021,Fall,11
1235,GERMAN 10A,Beginning German,Germanic Languages & Lit,"Parkes,Lisa",14,1,0,1,0,0,0,2021,Fall,16
1236,GERMAN 10A,Beginning German,Germanic Languages & Lit,"Parkes,Lisa",8,0,0,1,0,0,0,2021,Fall,9
1237,GERMAN 10A,Beginning German,Germanic Languages & Lit,"Parkes,Lisa",7,1,0,1,0,0,0,2021,Fall,9
1238,GERMAN 10AB,Beginning German (Intensive),Germanic Languages & Lit,"Parkes,Lisa",6,2,0,1,0,0,0,2021,Fall,9
1239,GERMAN 143,German History,Germanic Languages & Lit,"Frank Johnson,Alison",5,0,0,0,0,0,0,2021,Fall,5
1240,GERMAN 154,The Frankfurt School,Germanic Languages & Lit,"Rentschler,Eric",2,2,0,0,0,0,0,2021,Fall,4
1241,GERMAN 175,Mahler & the Finis Austriae,Germanic Languages & Lit,"Hamilton,John T.",1,1,0,0,0,0,0,2021,Fall,2
1242,GERMAN 189,Intermediality German Poetry,Germanic Languages & Lit,"Schwakopf,Nadine",4,2,0,1,0,0,0,2021,Fall,7
1243,GERMAN 20A,Intermediate German,Germanic Languages & Lit,"Parkes,Lisa",7,2,0,1,0,0,0,2021,Fall,10
1244,GERMAN 20A,Intermediate German,Germanic Languages & Lit,"Parkes,Lisa",6,0,1,0,0,0,0,2021,Fall,7
1245,GERMAN 20AB,Intermediate German: Intensive,Germanic Languages & Lit,"Parkes,Lisa",3,0,0,0,0,0,0,2021,Fall,3
1246,GERMAN 20B,Intermediate German,Germanic Languages & Lit,"Parkes,Lisa",5,0,0,2,0,0,0,2021,Fall,7
1247,GERMAN 287,Kafka in Paris,Germanic Languages & Lit,"Hamilton,John T.",1,2,0,0,0,0,0,2021,Fall,3
1248,GERMAN 291,Questions of Theory,Germanic Languages & Lit,"Suetterlin,Nicole",2,1,0,0,0,0,0,2021,Fall,3
1249,GERMAN 300,Dissertation,Germanic Languages & Lit,"Rentschler,Eric",0,3,0,0,0,0,0,2021,Fall,3
1250,GERMAN 300,Dissertation,Germanic Languages & Lit,"Hamilton,John T.",0,7,0,0,0,0,0,2021,Fall,7
1251,GERMAN 300,Dissertation,Germanic Languages & Lit,"Burgard,Peter J.",0,2,0,0,0,0,0,2021,Fall,2
1252,GERMAN 300,Dissertation,Germanic Languages & Lit,"Suetterlin,Nicole",0,1,0,0,0,0,0,2021,Fall,1
1253,GERMAN 300,Dissertation,Germanic Languages & Lit,"Frank Johnson,Alison",0,1,0,0,0,0,0,2021,Fall,1
1254,GERMAN 310,Teaching,Germanic Languages & Lit,"Rentschler,Eric",0,5,0,0,0,0,0,2021,Fall,5
1255,GERMAN 64,"Recall, Recollect, Remember",Germanic Languages & Lit,"Stewart,William Joseph",4,0,0,0,0,0,0,2021,Fall,4
1256,GERMAN 90R,Dutch,Germanic Languages & Lit,"Parkes,Lisa",0,0,0,2,0,0,0,2021,Fall,2
1257,GERMAN 90R,Dutch,Germanic Languages & Lit,"Parkes,Lisa",0,1,0,0,0,0,0,2021,Fall,1
1258,GERMAN 90R,Dutch,Germanic Languages & Lit,"Parkes,Lisa",1,1,0,0,0,0,0,2021,Fall,2
1259,GERMAN 99A,Tutorial - Senior Year,Germanic Languages & Lit,"Parkes,Lisa",2,0,0,0,0,0,0,2021,Fall,2
1335,GREEK 1,Introductory Ancient Greek 1,"Classics, The","Livingston,Ivy",7,0,0,0,0,0,0,2021,Fall,7
1336,GREEK 1,Introductory Ancient Greek 1,"Classics, The","Livingston,Ivy",7,0,0,0,0,0,0,2021,Fall,7
1337,GREEK 10,Intro. to Ancient Greek Lit.,"Classics, The","Livingston,Ivy",5,1,0,0,0,0,0,2021,Fall,6
1338,GREEK 107,Thucydides,"Classics, The","Driscoll,Eric",4,2,0,1,0,0,0,2021,Fall,7
1339,GREEK 2X,Accel. Intro. Ancient Greek 2,"Classics, The","Livingston,Ivy",3,0,0,0,0,0,0,2021,Fall,3
1340,GREEK 3,Introductory Ancient Greek 3,"Classics, The",Unknown,0,0,0,0,0,0,0,2021,Fall,0
1341,GULLAH AA,Elementary Gullah,African & African Amer Studies,"Mugane,John M",3,0,0,1,0,0,0,2021,Fall,4
1438,HEBREW 198,Sacred Space and Sacred Time,Near Eastern Languages & Civ,"Rhyder,Julia Victoria",0,1,0,0,0,0,0,2021,Fall,1
1439,HEBREW 203,In the Beginning: Genesis 111,Near Eastern Languages & Civ,"Teeter,Andrew",2,1,0,0,0,0,0,2021,Fall,3
1440,HEBREW 236,The Song at the Sea: Seminar,Near Eastern Languages & Civ,"Levenson,Jon D.",0,1,0,0,0,0,0,2021,Fall,1
1441,HEBREW 300,Classical Hebrew Lang and Lit,Near Eastern Languages & Civ,"Stern,David",0,1,0,0,0,0,0,2021,Fall,1
1442,HIND-URD 101A,Introductory Hindi-Urdu,South Asian Studies,"Delacy,Richard Somers",13,1,0,3,0,0,0,2021,Fall,17
1443,HIND-URD 101A,Introductory Hindi-Urdu,South Asian Studies,"Kovacs,Hajnalka",1,1,0,2,0,0,0,2021,Fall,4
1444,HIND-URD 102A,Intermediate Hindi-Urdu,South Asian Studies,"Delacy,Richard Somers",11,1,0,4,0,0,0,2021,Fall,16
1445,HIND-URD 103AR,Advanced Hindi-Urdu,South Asian Studies,"Kovacs,Hajnalka",2,1,0,0,0,0,0,2021,Fall,3
1446,HIND-URD 91R,Hindi-Urdu Supervised Readings,South Asian Studies,"Delacy,Richard Somers",0,1,0,1,0,0,0,2021,Fall,2
1608,IGBO AA,Elementary Igbo,African & African Amer Studies,"Mugane,John M",14,0,0,3,0,0,0,2021,Fall,17
1609,IGBO BA,Intermediate Igbo,African & African Amer Studies,"Mugane,John M",0,0,0,0,0,0,0,2021,Fall,0
1644,IRISH 132,Introduction to Modern Irish,Celtic Languages & Literatures,"Sumner,Natasha",0,2,0,0,0,0,0,2021,Fall,2
1645,IRISH 200,Introduction to Old Irish,Celtic Languages & Literatures,"Nagy,Joseph F",5,3,0,0,0,0,0,2021,Fall,8
1649,ITAL 10,Beginning Italian I,Romance Languages & Lit,"Trebaiocchi,Chiara",10,0,0,1,0,0,0,2021,Fall,11
1650,ITAL 10,Beginning Italian I,Romance Languages & Lit,"Trebaiocchi,Chiara",9,0,0,1,0,0,0,2021,Fall,10
1651,ITAL 10,Beginning Italian I,Romance Languages & Lit,"Trebaiocchi,Chiara",10,0,0,0,0,0,0,2021,Fall,10
1652,ITAL 10,Beginning Italian I,Romance Languages & Lit,"Trebaiocchi,Chiara",7,0,0,0,0,0,0,2021,Fall,7
1653,ITAL 11,Beginning Italian II,Romance Languages & Lit,"Trebaiocchi,Chiara",6,0,0,0,0,1,0,2021,Fall,7
1654,ITAL 138,Cosmos of the Divine Comedy,Romance Languages & Lit,"Camozzi Pistoja,Ambrogio",15,5,0,1,0,0,0,2021,Fall,21
1655,ITAL 15,Intensive Beginning Italian,Romance Languages & Lit,"Trebaiocchi,Chiara",4,0,0,0,0,0,0,2021,Fall,4
1656,ITAL 16,Italian for Research,Romance Languages & Lit,"Trebaiocchi,Chiara",0,1,0,0,0,0,0,2021,Fall,1
1657,ITAL 20,Intermediate Italian,Romance Languages & Lit,"Trebaiocchi,Chiara",8,1,0,0,0,0,0,2021,Fall,9
1658,ITAL 30,Upper-Level Italian,Romance Languages & Lit,"Trebaiocchi,Chiara",3,1,0,0,0,0,0,2021,Fall,4
1659,ITAL 320,Italian Literature,Romance Languages & Lit,"Erspamer,Francesco",0,1,0,0,0,0,0,2021,Fall,1
1660,ITAL 320,Italian Literature,Romance Languages & Lit,"Camozzi Pistoja,Ambrogio",0,1,0,0,0,0,0,2021,Fall,1
1661,ITAL 40,Advanced Italian I,Romance Languages & Lit,"Trebaiocchi,Chiara",2,1,0,0,0,0,0,2021,Fall,3
1662,JAMAICAN AB,Elementary Jamaican Patois,African & African Amer Studies,"Mugane,John M",4,0,0,0,0,0,0,2021,Fall,4
1663,JAPAN 106A,Classical Japanese,East Asian Langs & Civ,"Atherton,David C",1,2,0,0,0,0,0,2021,Fall,3
1664,JAPAN 120A,Intermediate Japanese I,East Asian Langs & Civ,"Miyagawa,Miki",8,2,0,1,0,0,0,2021,Fall,11
1665,JAPAN 120A,Intermediate Japanese I,East Asian Langs & Civ,"Miyagawa,Miki",5,2,0,0,0,0,0,2021,Fall,7
1666,JAPAN 130A,Intermediate Japanese II,East Asian Langs & Civ,"Graham,Tomoko Amano",4,5,0,1,0,0,0,2021,Fall,10
1667,JAPAN 130A,Intermediate Japanese II,East Asian Langs & Civ,"Graham,Tomoko Amano",6,1,0,1,0,0,0,2021,Fall,8
1668,JAPAN 140A,Advanced Modern Japanese,East Asian Langs & Civ,"Asakura,Naomi",0,2,0,1,0,0,0,2021,Fall,3
1669,JAPAN 140A,Advanced Modern Japanese,East Asian Langs & Civ,"Asakura,Naomi",3,1,0,1,0,0,0,2021,Fall,5
1670,JAPAN 150A,Reads & Discus Jpn Soc Sci,East Asian Langs & Civ,"Asakura,Naomi",0,3,0,2,0,0,0,2021,Fall,5
1671,JAPAN 210A,Reading Scholarly Japanese,East Asian Langs & Civ,"Jacobsen,Wesley Mark",0,8,0,0,0,0,0,2021,Fall,8
1672,JAPAN BA,Elementary Japanese,East Asian Langs & Civ,"Kageyama-Hunt,Yuko",21,5,0,1,0,0,0,2021,Fall,27
1673,JAPAN BA,Elementary Japanese,East Asian Langs & Civ,"Kageyama-Hunt,Yuko",12,1,0,0,0,0,0,2021,Fall,13
1674,JAPAN BA,Elementary Japanese,East Asian Langs & Civ,"Kageyama-Hunt,Yuko",10,1,0,0,0,0,0,2021,Fall,11
1680,KOREAN 120A,Intermediate Korean,East Asian Langs & Civ,"Noh,Ahsil",16,3,0,1,0,0,0,2021,Fall,20
1681,KOREAN 130A,Pre-advanced Korean,East Asian Langs & Civ,"Lee,Jee Hyun",8,2,0,0,0,0,0,2021,Fall,10
1682,KOREAN 130XA,Pre-Adv Mod Kor for High-Prof,East Asian Langs & Civ,"Lee,Jee Hyun",3,1,0,0,0,0,0,2021,Fall,4
1683,KOREAN 140A,Advanced Korean,East Asian Langs & Civ,"Noh,Ahsil",6,0,0,0,0,0,0,2021,Fall,6
1684,KOREAN BA,Elementary Korean,East Asian Langs & Civ,"Kim,Hi-Sun Helen",17,1,0,1,0,0,0,2021,Fall,19
1685,KOREAN BA,Elementary Korean,East Asian Langs & Civ,"Kim,Hi-Sun Helen",19,0,0,1,0,0,0,2021,Fall,20
1686,KOREAN BA,Elementary Korean,East Asian Langs & Civ,"Lee,Jee Hyun",4,1,1,0,0,0,0,2021,Fall,6
1687,KOREAN BX,Korean for Advanced Beginners,East Asian Langs & Civ,"Kim,Hi-Sun Helen",13,0,0,0,0,0,0,2021,Fall,13
1693,LATIN 1,Introductory Latin 1,"Classics, The","Livingston,Ivy",17,1,0,4,0,0,0,2021,Fall,22
1694,LATIN 1,Introductory Latin 1,"Classics, The","Livingston,Ivy",11,1,0,1,0,0,0,2021,Fall,13
1695,LATIN 10,Intro. to Latin Literature,"Classics, The","Livingston,Ivy",10,0,0,1,0,0,0,2021,Fall,11
1696,LATIN 105,Letters of Cicero and Pliny,"Classics, The","Philbrick,Rachel Severynse",6,0,0,0,0,0,0,2021,Fall,6
1697,LATIN 106E,Virgil Eclogues & Bucolic Poet,"Classics, The","Philbrick,Rachel Severynse",3,0,0,1,0,0,0,2021,Fall,4
1698,LATIN 112A,Latin Lit.: Texts & Contexts,"Classics, The","Hudson,Jared M",2,2,0,0,0,0,0,2021,Fall,4
1699,LATIN 175,Syntax and Style,"Classics, The","Peirano Garrison,Irene",8,4,0,0,0,0,0,2021,Fall,12
1700,LATIN 3,Introductory Latin 3,"Classics, The","Livingston,Ivy",1,1,0,0,0,0,0,2021,Fall,2
1701,LATIN AX,Latin Review and Reading,"Classics, The","Livingston,Ivy",7,0,1,0,0,0,0,2021,Fall,8
1747,MANCHU A,Elementary Manchu,East Asian Langs & Civ,"Bramao-Ramos,Sarah Jessi",0,3,0,1,0,0,0,2021,Fall,4
1874,MOD-HEB 120A,Intermediate Modern Hebrew I,Near Eastern Languages & Civ,"Aharony,Irit",5,1,0,0,0,0,0,2021,Fall,6
1875,MOD-HEB 130A,Advanced Modern Hebrew I,Near Eastern Languages & Civ,"Aharony,Irit",3,2,0,0,0,0,0,2021,Fall,5
1876,MOD-HEB 241R,Adv Seminar in Modern Hebrew,Near Eastern Languages & Civ,"Aharony,Irit",2,0,0,1,0,0,0,2021,Fall,3
1877,MOD-HEB BA,Elementary Modern Hebrew I,Near Eastern Languages & Civ,"Aharony,Irit",6,3,0,0,0,0,0,2021,Fall,9
1878,MODGRK 10,Intro to Modern Greek Texts,"Classics, The","Dourou,Calliopi Ioannis",1,0,0,0,0,0,0,2021,Fall,1
1879,MODGRK 124,Greek World Literature,"Classics, The","Roilos,Panagiotis",2,0,1,1,0,0,0,2021,Fall,4
1880,MODGRK AA,Elementary Modern Greek,"Classics, The","Dourou,Calliopi Ioannis",9,1,0,0,0,0,0,2021,Fall,10
1881,MODGRK BA,Intermediate Modern Greek,"Classics, The","Dourou,Calliopi Ioannis",3,3,0,0,0,0,0,2021,Fall,6
1941,NEP 101A,Introductory Nepali,South Asian Studies,"Patil,Parimal G.",1,0,0,0,0,0,0,2021,Fall,1
1942,NEP 102A,Intermediate Nepali,South Asian Studies,"Patil,Parimal G.",0,0,0,1,0,0,0,2021,Fall,1
1943,NEP 301,Reading and Research,South Asian Studies,"Patil,Parimal G.",0,1,0,0,0,0,0,2021,Fall,1
2050,PERSIAN 130AR,Advanced Persian I,Near Eastern Languages & Civ,"Ebrahimian,Mojtaba",0,1,0,1,0,0,0,2021,Fall,2
2051,PERSIAN 152,Persian Epic Tradition,Near Eastern Languages & Civ,"Landau,Justine Karen",1,2,0,2,0,0,0,2021,Fall,5
2052,PERSIAN AA,Elementary Persian I,Near Eastern Languages & Civ,"Ebrahimian,Mojtaba",5,4,0,1,0,0,0,2021,Fall,10
2053,PERSIAN BA,Intermediate Persian I,Near Eastern Languages & Civ,"Ebrahimian,Mojtaba",0,4,0,1,0,0,0,2021,Fall,5
2202,PLSH AA,Elementary Polish I,Slavic Languages & Literatures,"Kovalchuk,Iryna",1,1,0,1,0,0,0,2021,Fall,3
2203,PLSH BA,Intermediate Polish I,Slavic Languages & Literatures,"Kovalchuk,Iryna",0,0,0,2,0,0,0,2021,Fall,2
2204,PLSH CR,Advanced Polish,Slavic Languages & Literatures,"Kovalchuk,Iryna",1,3,0,1,0,0,0,2021,Fall,5
2205,PORTUG 10,Beginning Portuguese I,Romance Languages & Lit,"Soares,Cristiane",11,1,0,0,0,0,0,2021,Fall,12
2206,PORTUG 10S,Portuguese for Spanish Spkrs I,Romance Languages & Lit,"Soares,Cristiane",14,0,1,2,0,0,0,2021,Fall,17
2207,PORTUG 11S,Begin. Portug for Spnsh Spkrs,Romance Languages & Lit,"Soares,Cristiane",5,0,0,1,0,0,0,2021,Fall,6
2208,PORTUG 123A,Portuguese Literary Studies I,Romance Languages & Lit,"Blackmore,Josiah",0,2,0,0,0,0,0,2021,Fall,2
2209,PORTUG 183,Pessoas Poetry of the Selves,Romance Languages & Lit,"Blackmore,Josiah",1,2,0,0,0,0,0,2021,Fall,3
2210,PORTUG 20,Intermediate Portuguese,Romance Languages & Lit,"Soares,Cristiane",4,0,0,0,0,0,0,2021,Fall,4
2211,PORTUG 40,Advanced Portuguese I,Romance Languages & Lit,"Soares,Cristiane",8,1,0,0,0,0,0,2021,Fall,9
2384,RUSS 101,Advanced Russian I,Slavic Languages & Literatures,"Egorova,Veronika A.",9,1,0,1,0,0,0,2021,Fall,11
2385,RUSS 101,Advanced Russian I,Slavic Languages & Literatures,"Egorova,Veronika A.",2,1,0,1,0,0,0,2021,Fall,4
2386,RUSS 102,Advanced Russian,Slavic Languages & Literatures,"Clancy,Steven",0,0,0,0,0,0,0,2021,Fall,0
2387,RUSS 111,Advanced Russian,Slavic Languages & Literatures,"Pokrovsky,Natalia",2,5,0,1,0,0,0,2021,Fall,8
2388,RUSS 113,Advanced Russian,Slavic Languages & Literatures,"Pokrovsky,Natalia",4,6,0,0,0,0,0,2021,Fall,10
2389,RUSS 120R,Readings in Advanced Russian,Slavic Languages & Literatures,"Clancy,Steven",0,4,0,0,0,0,0,2021,Fall,4
2390,RUSS AA,Elementary Russian I,Slavic Languages & Literatures,"Clancy,Steven",4,1,0,0,0,0,0,2021,Fall,5
2391,RUSS AA,Elementary Russian I,Slavic Languages & Literatures,"Clancy,Steven",5,0,0,1,0,0,0,2021,Fall,6
2392,RUSS AA,Elementary Russian I,Slavic Languages & Literatures,"Clancy,Steven",4,0,0,0,0,0,0,2021,Fall,4
2393,RUSS AAB,Elementary Russian (Intensive),Slavic Languages & Literatures,"Chirkov,Natalia Georgievna",5,1,0,0,0,0,1,2021,Fall,5
2394,RUSS BA,Intermediate Russian I,Slavic Languages & Literatures,"Clancy,Steven",8,1,0,1,0,0,0,2021,Fall,10
2395,RUSS HA,Russian for Heritage Speakers,Slavic Languages & Literatures,"Egorova,Veronika A.",8,1,0,1,0,0,0,2021,Fall,10
2396,SANSKRIT 101A,Elementary Sanskrit,South Asian Studies,"Hawley,Nell Shapiro",3,2,0,5,0,0,0,2021,Fall,10
2397,SANSKRIT 102AR,Intermediate Sanskrit I,South Asian Studies,"Hawley,Nell Shapiro",2,1,0,3,0,0,0,2021,Fall,6
2398,SANSKRIT 104A,Introduction to the Rigveda...,South Asian Studies,"Smith,Caley Charles",0,2,0,2,0,0,0,2021,Fall,4
2399,SANSKRIT 200AR,Advanced Poetic Sanskrit,South Asian Studies,"Hawley,Nell Shapiro",1,2,0,5,0,1,0,2021,Fall,9
2400,SANSKRIT 301,Reading and Research,South Asian Studies,"Patil,Parimal G.",0,1,0,0,0,0,0,2021,Fall,1
2401,SANSKRIT 301,Reading and Research,South Asian Studies,"Witzel,Michael",0,1,0,0,0,0,0,2021,Fall,1
2402,SANSKRIT 310,Doctoral Dissertations,South Asian Studies,"Patil,Parimal G.",0,1,0,0,0,0,0,2021,Fall,1
2403,SANSKRIT 310,Doctoral Dissertations,South Asian Studies,"Witzel,Michael",0,1,0,0,0,0,0,2021,Fall,1
2415,SCAND 90R.A,Danish,Germanic Languages & Lit,"Broome,Agnes",2,0,0,0,0,0,0,2021,Fall,2
2416,SCAND 90R.A,Danish,Germanic Languages & Lit,"Broome,Agnes",2,0,0,0,0,0,0,2021,Fall,2
2417,SCAND 90R.C,Norwegian,Germanic Languages & Lit,"Broome,Agnes",2,0,0,0,0,0,0,2021,Fall,2
2418,SCAND 90R.C,Norwegian,Germanic Languages & Lit,"Broome,Agnes",1,0,0,0,0,0,0,2021,Fall,1
2419,SCAND 90R.C,Norwegian,Germanic Languages & Lit,"Broome,Agnes",2,0,0,0,0,0,0,2021,Fall,2
2439,SCTGALIC 131R,Intermediate Scottish Gaelic,Celtic Languages & Literatures,"Sumner,Natasha",1,0,0,1,0,0,0,2021,Fall,2
2547,SPANSH 10,Beginning Spanish I,Romance Languages & Lit,"Parra-Velasco,Maria Luisa",14,0,0,0,0,0,0,2021,Fall,14
2548,SPANSH 10,Beginning Spanish I,Romance Languages & Lit,"Parra-Velasco,Maria Luisa",10,0,0,0,0,0,0,2021,Fall,10
2549,SPANSH 10,Beginning Spanish I,Romance Languages & Lit,"Parra-Velasco,Maria Luisa",22,0,0,0,0,0,0,2021,Fall,22
2550,SPANSH 10,Beginning Spanish I,Romance Languages & Lit,"Parra-Velasco,Maria Luisa",16,0,0,0,0,0,0,2021,Fall,16
2552,SPANSH 10,Beginning Spanish I,Romance Languages & Lit,"Parra-Velasco,Maria Luisa",13,0,0,1,0,0,0,2021,Fall,14
2553,SPANSH 11,Beginning Spanish II,Romance Languages & Lit,"Mendez Seijas,Jorge",14,0,0,0,0,0,0,2021,Fall,14
2554,SPANSH 11,Beginning Spanish II,Romance Languages & Lit,"Mendez Seijas,Jorge",16,0,0,0,0,0,0,2021,Fall,16
2555,SPANSH 11,Beginning Spanish II,Romance Languages & Lit,"Mendez Seijas,Jorge",16,0,0,0,0,0,0,2021,Fall,16
2556,SPANSH 11,Beginning Spanish II,Romance Languages & Lit,"Mendez Seijas,Jorge",14,0,0,2,0,0,0,2021,Fall,16
2557,SPANSH 11,Beginning Spanish II,Romance Languages & Lit,"Mendez Seijas,Jorge",15,0,0,0,0,0,0,2021,Fall,15
2558,SPANSH 11,Beginning Spanish II,Romance Languages & Lit,"Mendez Seijas,Jorge",17,0,0,0,0,0,0,2021,Fall,17
2559,SPANSH 11,Beginning Spanish II,Romance Languages & Lit,"Mendez Seijas,Jorge",16,0,0,0,0,0,0,2021,Fall,16
2560,SPANSH 122,"Spanish Film, Buñuel-Almodóvar",Romance Languages & Lit,"Vega-Duran,Raquel",18,2,0,0,0,0,0,2021,Fall,20
2561,SPANSH 129R,Culture and Development,Romance Languages & Lit,"Sommer,Doris",8,1,0,0,0,0,0,2021,Fall,9
2562,SPANSH 147,"Decolonial Views, Practices",Romance Languages & Lit,"Sanchez Cruz,Jorge",14,2,0,0,0,0,0,2021,Fall,16
2563,SPANSH 15,Intensive Beginning Spanish,Romance Languages & Lit,"Parra-Velasco,Maria Luisa",5,0,0,1,0,0,0,2021,Fall,6
2564,SPANSH 159,Trans* Literary and Cult Prod,Romance Languages & Lit,"Sanchez Cruz,Jorge",2,1,0,1,0,0,0,2021,Fall,4
2565,SPANSH 20,Intermediate Spanish,Romance Languages & Lit,"Gutierrez,Adriana",12,0,0,0,0,0,0,2021,Fall,12
2566,SPANSH 20,Intermediate Spanish,Romance Languages & Lit,"Gutierrez,Adriana",15,0,0,0,0,0,0,2021,Fall,15
2567,SPANSH 20,Intermediate Spanish,Romance Languages & Lit,"Gutierrez,Adriana",18,0,0,0,0,0,0,2021,Fall,18
2568,SPANSH 20,Intermediate Spanish,Romance Languages & Lit,"Gutierrez,Adriana",13,1,0,1,0,0,0,2021,Fall,15
2569,SPANSH 20,Intermediate Spanish,Romance Languages & Lit,"Gutierrez,Adriana",11,1,0,0,0,0,0,2021,Fall,12
2570,SPANSH 20,Intermediate Spanish,Romance Languages & Lit,"Gutierrez,Adriana",11,0,0,0,0,0,0,2021,Fall,11
2571,SPANSH 20,Intermediate Spanish,Romance Languages & Lit,"Gutierrez,Adriana",10,0,0,0,0,0,0,2021,Fall,10
2572,SPANSH 20,Intermediate Spanish,Romance Languages & Lit,"Gutierrez,Adriana",13,0,0,0,0,0,0,2021,Fall,13
2573,SPANSH 30,Upper-level Spanish,Romance Languages & Lit,"Liander,Johanna Damgaard",10,0,0,0,0,0,0,2021,Fall,10
2574,SPANSH 30,Upper-level Spanish,Romance Languages & Lit,"Liander,Johanna Damgaard",11,0,0,0,0,0,0,2021,Fall,11
2575,SPANSH 30,Upper-level Spanish,Romance Languages & Lit,"Liander,Johanna Damgaard",7,0,0,0,0,0,0,2021,Fall,7
2576,SPANSH 30,Upper-level Spanish,Romance Languages & Lit,"Liander,Johanna Damgaard",12,0,0,0,0,0,0,2021,Fall,12
2577,SPANSH 30,Upper-level Spanish,Romance Languages & Lit,"Liander,Johanna Damgaard",8,0,0,0,0,0,0,2021,Fall,8
2578,SPANSH 30,Upper-level Spanish,Romance Languages & Lit,"Liander,Johanna Damgaard",11,0,0,1,0,0,0,2021,Fall,12
2579,SPANSH 330,Doctoral Dissertations,Romance Languages & Lit,"Siskind,Mariano",0,1,0,0,0,0,0,2021,Fall,1
2580,SPANSH 40,Advanced Spanish Language I,Romance Languages & Lit,"Liander,Johanna Damgaard",5,1,0,0,0,0,0,2021,Fall,6
2581,SPANSH 40,Advanced Spanish Language I,Romance Languages & Lit,"Liander,Johanna Damgaard",11,0,0,0,0,0,0,2021,Fall,11
2582,SPANSH 40,Advanced Spanish Language I,Romance Languages & Lit,"Liander,Johanna Damgaard",10,1,0,0,0,0,0,2021,Fall,11
2583,SPANSH 40,Advanced Spanish Language I,Romance Languages & Lit,"Liander,Johanna Damgaard",10,0,0,0,0,0,0,2021,Fall,10
2584,SPANSH 40,Advanced Spanish Language I,Romance Languages & Lit,"Liander,Johanna Damgaard",8,1,0,0,0,0,0,2021,Fall,9
2585,SPANSH 40,Advanced Spanish Language I,Romance Languages & Lit,"Liander,Johanna Damgaard",10,0,0,1,0,0,0,2021,Fall,11
2586,SPANSH 49H,Languaging & Latinx identities,Romance Languages & Lit,"Parra-Velasco,Maria Luisa",16,0,0,0,0,0,0,2021,Fall,16
2587,SPANSH 50,Advanced Spanish II,Romance Languages & Lit,"Gutierrez,Adriana",9,0,0,1,0,0,0,2021,Fall,10
2588,SPANSH 50,Advanced Spanish II,Romance Languages & Lit,"Gutierrez,Adriana",7,0,0,0,0,0,0,2021,Fall,7
2589,SPANSH 50,Advanced Spanish II,Romance Languages & Lit,"Gutierrez,Adriana",9,0,0,0,0,0,0,2021,Fall,9
2594,SPANSH 61N,Ethics of Business in Lat Am,Romance Languages & Lit,"Gutierrez,Adriana",11,0,0,0,0,0,0,2021,Fall,11
2597,SPANSH 89,Discussing Spanish Civil War,Romance Languages & Lit,"Aguirre-Oteiza,Daniel",14,0,0,0,0,0,0,2021,Fall,14
2623,SUDANESE 101AR,Advanced Sudanese Arabic,African & African Amer Studies,"Mugane,John M",0,1,0,0,0,0,0,2021,Fall,1
2624,SUDANESE AA,Elementary Sudanese Arabic,African & African Amer Studies,"Mugane,John M",0,1,0,0,0,0,0,2021,Fall,1
2625,SUMERIAN 243,Geography of the Ebla Texts,Near Eastern Languages & Civ,"Steinkeller,Piotr",0,4,0,0,0,0,0,2021,Fall,4
2626,SUMERIAN 245,Texts of 3rd Millennium BCE,Near Eastern Languages & Civ,"Steinkeller,Piotr",0,4,0,0,0,0,0,2021,Fall,4
2627,SWAHILI 101AR,Reading in Swahili,African & African Amer Studies,"Mugane,John M",4,1,0,0,0,0,0,2021,Fall,5
2628,SWAHILI AA,Elementary Swahili,African & African Amer Studies,"Mugane,John M",8,0,0,1,0,0,0,2021,Fall,9
2629,SWAHILI BA,Intermediate Swahili,African & African Amer Studies,"Mugane,John M",3,0,0,0,0,0,0,2021,Fall,3
2630,SWEDISH 10A,Beginning Swedish Lang and Lit,Germanic Languages & Lit,"Broome,Agnes",4,1,0,0,0,0,0,2021,Fall,5
2631,SWEDISH 20A,Intermediate Swedish,Germanic Languages & Lit,"Broome,Agnes",3,0,0,0,0,0,0,2021,Fall,3
2667,TAM 101A,Elementary Tamil,South Asian Studies,"Ripley,Jonathan Daniel",3,1,0,1,0,0,0,2021,Fall,5
2668,TAM 102A,Intermediate Tamil,South Asian Studies,"Ripley,Jonathan Daniel",2,1,0,0,0,0,0,2021,Fall,3
2693,THI 101A,Introductory Thai I,South Asian Studies,"Patil,Parimal G.",1,0,0,3,0,0,0,2021,Fall,4
2694,THI 102A,Intermediate Thai I,South Asian Studies,"Patil,Parimal G.",2,0,0,0,0,0,0,2021,Fall,2
2695,THI 103AR,Readings in Thai I,South Asian Studies,"Patil,Parimal G.",2,0,0,0,0,0,0,2021,Fall,2
2697,TIBET 102A,Intermediate Classical Tibetan,South Asian Studies,"van der Kuijp,Leonard Willem Johannes",0,1,0,3,0,0,0,2021,Fall,4
2698,TIBET 104AR,Elementary Colloquial Tibetan,South Asian Studies,"Patil,Parimal G.",3,2,0,0,0,0,0,2021,Fall,5
2699,TIBET 105AR,Intermed Colloquial Tibetan,South Asian Studies,"Patil,Parimal G.",1,1,0,2,0,0,0,2021,Fall,4
2700,TIBET 106AR,Advanced Colloquial Tibetan,South Asian Studies,"Patil,Parimal G.",0,1,0,1,0,0,0,2021,Fall,2
2701,TIBET 217,Some Topics in 'Jad Gzhon...,South Asian Studies,"van der Kuijp,Leonard Willem Johannes",0,5,0,1,0,0,0,2021,Fall,6
2702,TIBET 218,The Life of Sman lung Gu ru...,South Asian Studies,"van der Kuijp,Leonard Willem Johannes",0,1,0,0,0,0,0,2021,Fall,1
2704,TIGRINYA 101AR,Advanced Tigrinya,African & African Amer Studies,"Mugane,John M",0,1,0,1,0,0,0,2021,Fall,2
2705,TIGRINYA AA,Elementary Tigrinya,African & African Amer Studies,"Mugane,John M",3,0,0,1,0,0,0,2021,Fall,4
2706,TURKISH 120A,Intermediate Modern Turkish I,Near Eastern Languages & Civ,"Demir,Meryem",1,3,0,2,0,0,0,2021,Fall,6
2707,TURKISH 130A,Advanced Turkish I,Near Eastern Languages & Civ,"Demir,Meryem",1,1,0,0,0,0,0,2021,Fall,2
2708,TURKISH 140A,Intro to Ottoman Turkish I,Near Eastern Languages & Civ,"Taskomur,Himmet",0,3,0,0,0,0,0,2021,Fall,3
2709,TURKISH 150A,Advanced Ottoman Turkish I,Near Eastern Languages & Civ,"Taskomur,Himmet",0,3,0,0,0,0,0,2021,Fall,3
2710,TURKISH 300,Turkish Languages/Literatures,Near Eastern Languages & Civ,"Taskomur,Himmet",0,2,0,0,0,0,0,2021,Fall,2
2711,TURKISH AA,Elementary Modern Turkish I,Near Eastern Languages & Civ,"Demir,Meryem",3,3,0,0,0,0,0,2021,Fall,6
2712,TWI 101AR,Reading in Twi,African & African Amer Studies,"Mugane,John M",3,0,0,0,0,0,0,2021,Fall,3
2713,TWI AA,Elementary Twi,African & African Amer Studies,"Mugane,John M",4,0,0,1,0,0,0,2021,Fall,5
2714,TWI BA,Intermediate Twi,African & African Amer Studies,"Mugane,John M",1,1,0,0,0,0,0,2021,Fall,2
2715,UKRA AA,Elementary Ukrainian I,Slavic Languages & Literatures,"Dibrova,Volodymyr",1,0,0,0,0,0,0,2021,Fall,1
2716,UKRA BR,Intermediate Ukrainian,Slavic Languages & Literatures,"Dibrova,Volodymyr",0,2,0,0,0,0,0,2021,Fall,2
2717,UKRA CR,Advanced Ukrainian,Slavic Languages & Literatures,"Dibrova,Volodymyr",0,1,0,0,0,0,0,2021,Fall,1
2718,UYGHUR 120A,Intermediate/Advanced Uyghur,East Asian Langs & Civ,"Gulina,Aizezi",0,3,0,0,0,0,0,2021,Fall,3
2719,UYGHUR 300,Readings in Uyghur Lang & Lit,East Asian Langs & Civ,"Gulina,Aizezi",0,1,0,0,0,0,0,2021,Fall,1
2720,VIETNAM 120A,Intermediate Vietnamese,East Asian Langs & Civ,"Ngo,Binh",1,0,0,0,0,0,0,2021,Fall,1
2721,VIETNAM 130A,Advanced Vietnamese,East Asian Langs & Civ,"Ngo,Binh",2,0,0,1,0,0,0,2021,Fall,3
2722,VIETNAM 140A,Advanced-High Vietnamese,East Asian Langs & Civ,"Ngo,Binh",2,0,0,0,0,0,0,2021,Fall,2
2723,VIETNAM BA,Elementary Vietnamese,East Asian Langs & Civ,"Ngo,Binh",10,0,0,2,0,0,0,2021,Fall,12
2735,WELSH 226R,Readings in Middle Welsh Prose,Celtic Languages & Literatures,"McKenna,Catherine",0,2,0,0,0,0,0,2021,Fall,2
2736,WOLOF 101AR,Advanced Wolof,African & African Amer Studies,"Mugane,John M",0,0,0,1,0,0,0,2021,Fall,1
2737,WOLOF AA,Elementary Wolof,African & African Amer Studies,"Mugane,John M",0,0,0,1,0,0,0,2021,Fall,1
2750,WSTAFRCN AA,Elementary West African Pidgin,African & African Amer Studies,"Mugane,John M",14,0,0,0,0,0,0,2021,Fall,14
2751,YIDDISH 300,Yiddish Language & Literature,Near Eastern Languages & Civ,"Zaritt,Saul",0,0,0,1,0,0,0,2021,Fall,1
2752,YIDDISH AA,Elementary Yiddish I,Near Eastern Languages & Civ,"Feldman,Sara",2,1,0,2,0,0,0,2021,Fall,5
2753,YIDDISH BA,Intermediate Yiddish I,Near Eastern Languages & Civ,"Feldman,Sara",4,0,0,1,0,0,0,2021,Fall,5
2754,YIDDISH CA,Advanced Yiddish I,Near Eastern Languages & Civ,"Feldman,Sara",0,0,0,3,0,0,0,2021,Fall,3
2755,YORUBA 101AR,Reading in Yoruba,African & African Amer Studies,"Mugane,John M",2,0,0,0,0,0,0,2021,Fall,2
2756,YORUBA AA,Elementary Yoruba,African & African Amer Studies,"Mugane,John M",9,2,1,2,0,0,0,2021,Fall,14
2757,YORUBA BA,Intermediate Yoruba,African & African Amer Studies,"Mugane,John M",5,0,0,0,0,0,0,2021,Fall,5
2758,ZULU 101AR,Advanced Zulu,African & African Amer Studies,"Mugane,John M",2,0,0,1,0,0,0,2021,Fall,3
2759,ZULU AA,Elementary Zulu,African & African Amer Studies,"Mugane,John M",13,1,0,0,0,0,0,2021,Fall,14
2760,ZULU BA,Intermediate Zulu,African & African Amer Studies,"Mugane,John M",3,0,0,0,0,0,0,2021,Fall,3
26,AFRIKAAN 101BR,Advanced Afrikaans II,African & African Amer Studies,"Mugane,John M",1,0,0,0,0,0,0,2022,Spring,1
27,AFRIKAAN AB,Elementary Afrikaans,African & African Amer Studies,"Mugane,John M",9,0,0,0,0,0,0,2022,Spring,9
64,AKKAD AB,Introductory Akkadian II,Near Eastern Languages & Civ,"Barjamovic,Gojko",1,1,0,0,0,0,0,2022,Spring,2
65,AMHARIC 101AR,Advanced Amharic,African & African Amer Studies,"Seifu,Mekonnen Y",1,0,0,1,0,0,0,2022,Spring,2
66,AMHARIC 101BR,Advanced Amharic II,African & African Amer Studies,"Mugane,John M",0,0,0,0,0,0,0,2022,Spring,0
67,AMHARIC AB,Elementary Amharic,African & African Amer Studies,"Mugane,John M",5,0,0,2,0,0,0,2022,Spring,7
201,ARABIC 130B,Upper-Level Classical Arabic 2,Near Eastern Languages & Civ,"Granara,William",2,3,0,1,0,0,0,2022,Spring,6
202,ARABIC 131B,Upper-Level Modern Arabic II,Near Eastern Languages & Civ,"Madi,Amr Abdelhadi Elsayed",7,1,0,0,0,0,0,2022,Spring,8
203,ARABIC 131B,Upper-Level Modern Arabic II,Near Eastern Languages & Civ,"Madi,Amr Abdelhadi Elsayed",6,3,0,0,0,0,0,2022,Spring,9
204,ARABIC 150R,Themes in Arabic Literature,Near Eastern Languages & Civ,"Nasser,Shady Hekmat",2,1,0,2,0,0,0,2022,Spring,5
205,ARABIC 241BR,Advanced Modern Arabic Bridge,Near Eastern Languages & Civ,"Habib,Muhammad Ahmad",6,1,0,0,0,0,0,2022,Spring,7
206,ARABIC 242BR,Arabic Short Story,Near Eastern Languages & Civ,"Habib,Muhammad Ahmad",3,0,0,0,0,0,0,2022,Spring,3
207,ARABIC 246R,Literature in Medieval Maghrib,Near Eastern Languages & Civ,"Granara,William",0,5,0,2,0,0,0,2022,Spring,7
208,ARABIC 259,Intro Medieval Arabic Rhetoric,Near Eastern Languages & Civ,"Nasser,Shady Hekmat",0,4,0,4,0,0,0,2022,Spring,8
209,ARABIC AB,Elementary Arabic II,Near Eastern Languages & Civ,"Madi,Amr Abdelhadi Elsayed",7,2,0,1,0,0,0,2022,Spring,10
210,ARABIC AB,Elementary Arabic II,Near Eastern Languages & Civ,"Cozzens,Richard",10,1,0,2,0,0,0,2022,Spring,13
211,ARABIC AB,Elementary Arabic II,Near Eastern Languages & Civ,"Cozzens,Richard",8,1,0,2,0,0,0,2022,Spring,11
212,ARABIC AB,Elementary Arabic II,Near Eastern Languages & Civ,"Cozzens,Richard",7,1,0,1,0,0,0,2022,Spring,9
213,ARABIC BB,Intermediate Arabic II,Near Eastern Languages & Civ,"Halaby,Gregory",9,4,0,0,0,0,0,2022,Spring,13
214,ARABIC BB,Intermediate Arabic II,Near Eastern Languages & Civ,"Halaby,Gregory",3,1,0,0,0,0,0,2022,Spring,4
215,ARMEN AB,Elem Modern West Armenian II,Near Eastern Languages & Civ,"Gulesserian,Lisa",0,1,0,0,0,0,0,2022,Spring,1
216,ARMEN BB,Int Modern Western Armenian II,Near Eastern Languages & Civ,"Gulesserian,Lisa",1,3,0,0,0,0,0,2022,Spring,4
288,BCS BB,Intermediate BCS II,Slavic Languages & Literatures,"Kuzmic,Tatiana",5,2,0,0,0,0,0,2022,Spring,7
289,BCS CR,Advanced BCS,Slavic Languages & Literatures,"Kuzmic,Tatiana",1,2,0,0,0,0,0,2022,Spring,3
376,CATALAN 11,Catalan Language and Culture,Romance Languages & Lit,"Obis Monne,Aina",3,0,0,2,0,0,0,2022,Spring,5
377,CATALAN 91R,Supervised Reading and Researc,Romance Languages & Lit,"Aguirre-Oteiza,Daniel",0,1,0,0,0,0,0,2022,Spring,1
409,CHAGATAY 120A,Intermediate Chaghatay,East Asian Langs & Civ,"Gulina,Aizezi",0,1,0,0,0,0,0,2022,Spring,1
475,CHNSE 106B,Intro to Literary Chinese,East Asian Langs & Civ,"Sena,David M",0,4,0,0,0,0,0,2022,Spring,4
476,CHNSE 107B,Intermediate Literary Chinese,East Asian Langs & Civ,"Sena,David M",1,4,0,1,0,0,0,2022,Spring,6
477,CHNSE 120B,Intermediate Modern Chinese,East Asian Langs & Civ,"Yang,Bin",16,0,0,0,0,1,0,2022,Spring,17
478,CHNSE 120B,Intermediate Modern Chinese,East Asian Langs & Civ,"Yang,Bin",12,0,0,1,0,0,0,2022,Spring,13
479,CHNSE 120B,Intermediate Modern Chinese,East Asian Langs & Civ,"Yang,Bin",8,1,0,0,0,0,0,2022,Spring,9
480,CHNSE 123XB,Intermed Mod Chinese - Adv Beg,East Asian Langs & Civ,"Ying,Jie",14,1,0,0,0,0,0,2022,Spring,15
481,CHNSE 123XB,Intermed Mod Chinese - Adv Beg,East Asian Langs & Civ,"Ying,Jie",20,0,0,0,0,0,0,2022,Spring,20
482,CHNSE 123XB,Intermed Mod Chinese - Adv Beg,East Asian Langs & Civ,"Ying,Jie",9,0,0,0,0,0,0,2022,Spring,9
483,CHNSE 130B,Pre-Advanced Modern Chinese,East Asian Langs & Civ,"Cai,Jing",11,0,0,3,0,0,0,2022,Spring,14
484,CHNSE 130B,Pre-Advanced Modern Chinese,East Asian Langs & Civ,"Cai,Jing",13,0,0,0,0,0,0,2022,Spring,13
485,CHNSE 130B,Pre-Advanced Modern Chinese,East Asian Langs & Civ,"Cai,Jing",11,1,0,2,0,0,0,2022,Spring,14
486,CHNSE 130XB,Pre-Adv Mod Chin for High-Prof,East Asian Langs & Civ,"Zhang,Fangzheng",12,0,0,1,0,0,0,2022,Spring,13
487,CHNSE 130XB,Pre-Adv Mod Chin for High-Prof,East Asian Langs & Civ,"Zhang,Fangzheng",5,0,0,1,0,0,0,2022,Spring,6
488,CHNSE 140B,Advanced Modern Chinese,East Asian Langs & Civ,"Chen,Xiaocheng",5,0,0,0,0,0,0,2022,Spring,5
489,CHNSE 140B,Advanced Modern Chinese,East Asian Langs & Civ,"Chen,Xiaocheng",2,1,0,0,0,0,0,2022,Spring,3
490,CHNSE 140XB,Adv Mod Chin for High-Prof,East Asian Langs & Civ,"Yu,Xiaoshi",4,0,0,0,0,0,0,2022,Spring,4
491,CHNSE 140XB,Adv Mod Chin for High-Prof,East Asian Langs & Civ,"Yu,Xiaoshi",3,1,0,1,0,0,0,2022,Spring,5
492,CHNSE 142B,Adv Conversational Chinese,East Asian Langs & Civ,"Chen,Xiaocheng",2,0,0,3,0,0,0,2022,Spring,5
493,CHNSE 150B,Reads & Disc in Acad Prof Chin,East Asian Langs & Civ,"Wang,Dan",2,0,0,0,0,0,0,2022,Spring,2
494,CHNSE 163,Business Chinese,East Asian Langs & Civ,"Wang,Dan",9,1,0,0,0,0,0,2022,Spring,10
495,CHNSE 166R,Chinese in the Humanities,East Asian Langs & Civ,"Liu,Jennifer Li-Chia",1,0,0,0,0,0,0,2022,Spring,1
496,CHNSE 300,Reading and Research,East Asian Langs & Civ,"Elliott,Mark C.",0,1,0,0,0,0,0,2022,Spring,1
497,CHNSE 300,Reading and Research,East Asian Langs & Civ,"Li,Wai-yee",0,2,0,0,0,0,0,2022,Spring,2
498,CHNSE 300,Reading and Research,East Asian Langs & Civ,"Tian,Xiaofei",0,1,0,0,0,0,0,2022,Spring,1
499,CHNSE 300,Reading and Research,East Asian Langs & Civ,"Puett,Michael J.",0,1,0,0,0,0,0,2022,Spring,1
500,CHNSE 300,Reading and Research,East Asian Langs & Civ,"Wang,David",0,1,0,0,0,0,0,2022,Spring,1
501,CHNSE BB,Elementary Modern Chinese,East Asian Langs & Civ,"Du,Landon (Yuxiao)",28,0,0,1,0,0,0,2022,Spring,29
502,CHNSE BB,Elementary Modern Chinese,East Asian Langs & Civ,"Du,Landon (Yuxiao)",8,0,0,0,0,1,0,2022,Spring,9
503,CHNSE BB,Elementary Modern Chinese,East Asian Langs & Civ,"Du,Landon (Yuxiao)",32,0,0,0,0,0,0,2022,Spring,32
504,CHNSE BB,Elementary Modern Chinese,East Asian Langs & Civ,"Du,Landon (Yuxiao)",9,0,0,0,0,0,0,2022,Spring,9
505,CHNSE BB,Elementary Modern Chinese,East Asian Langs & Civ,"Du,Landon (Yuxiao)",9,0,0,1,0,0,0,2022,Spring,10
506,CHNSE BB,Elementary Modern Chinese,East Asian Langs & Civ,"Du,Landon (Yuxiao)",7,0,0,0,0,0,0,2022,Spring,7
515,CLAS-HEB 130BR,Rapid Reading Classical Hebrew,Near Eastern Languages & Civ,"Teeter,Andrew",0,1,0,0,0,0,0,2022,Spring,1
516,CLAS-HEB AB,Elementary Classical Hebrew II,Near Eastern Languages & Civ,"Teeter,Andrew",3,0,0,0,0,0,0,2022,Spring,3
659,CZCH AB,Elementary Czech II,Slavic Languages & Literatures,"Tuckerova,Veronika",1,1,0,0,0,1,0,2022,Spring,3
660,CZCH BB,Intermediate Czech II,Slavic Languages & Literatures,"Tuckerova,Veronika",2,0,0,0,0,0,0,2022,Spring,2
661,CZCH CR,Advanced Czech,Slavic Languages & Literatures,"Tuckerova,Veronika",2,1,0,0,0,0,0,2022,Spring,3
838,EGYPTARB 101BR,Advanced Egyptian Arabic II,African & African Amer Studies,"Mugane,John M",0,0,0,2,0,0,0,2022,Spring,2
839,EGYPTARB BB,Intermediate Egyptian Arabic,African & African Amer Studies,"Mugane,John M",0,0,0,1,0,0,0,2022,Spring,1
840,EGYPTIAN 200,Egyptian Text Reading,Near Eastern Languages & Civ,"Manuelian,Peter Der",0,2,0,0,0,0,0,2022,Spring,2
1127,FRENCH 10,Beginning French I,Romance Languages & Lit,"Mills,Nicole",8,1,0,1,0,0,0,2022,Spring,10
1128,FRENCH 11,Beginning French II,Romance Languages & Lit,"Mills,Nicole",11,1,0,0,0,0,0,2022,Spring,12
1129,FRENCH 11,Beginning French II,Romance Languages & Lit,"Mills,Nicole",8,0,0,0,0,0,0,2022,Spring,8
1130,FRENCH 11,Beginning French II,Romance Languages & Lit,"Mills,Nicole",14,1,0,0,0,0,0,2022,Spring,15
1131,FRENCH 11,Beginning French II,Romance Languages & Lit,"Mills,Nicole",10,0,0,2,0,0,0,2022,Spring,12
1132,FRENCH 11,Beginning French II,Romance Languages & Lit,"Mills,Nicole",6,1,0,0,0,0,0,2022,Spring,7
1133,FRENCH 110,Marcel Proust and his times,Romance Languages & Lit,"Greene,Virginie",9,1,0,2,0,0,0,2022,Spring,12
1134,FRENCH 112,Lyric Poetry,Romance Languages & Lit,"Greene,Virginie",2,3,0,1,0,0,0,2022,Spring,6
1135,FRENCH 135,Under the Table/Sous la Table,Romance Languages & Lit,"Beizer,Janet L.",6,0,0,1,0,0,0,2022,Spring,7
1136,FRENCH 15,Intensive Beginning French,Romance Languages & Lit,"Mills,Nicole",13,1,0,2,0,0,0,2022,Spring,16
1137,FRENCH 150,Voyages/Voyageurs in Early Mod,Romance Languages & Lit,"Conley,Tom",2,1,0,0,0,0,0,2022,Spring,3
1138,FRENCH 16,Reading French for Research,Romance Languages & Lit,"Mills,Nicole",0,1,0,2,0,0,0,2022,Spring,3
1139,FRENCH 20,Intermediate French,Romance Languages & Lit,"Turman,Karen",12,0,0,2,0,0,0,2022,Spring,14
1140,FRENCH 20,Intermediate French,Romance Languages & Lit,"Turman,Karen",16,0,0,1,0,0,0,2022,Spring,17
1141,FRENCH 250,Urban Cannibals: Les Mystères,Romance Languages & Lit,"Beizer,Janet L.",1,3,0,1,0,0,0,2022,Spring,5
1142,FRENCH 30,Upper-level French,Romance Languages & Lit,"Brisson,Claire-Marie",6,0,0,1,0,0,0,2022,Spring,7
1143,FRENCH 30,Upper-level French,Romance Languages & Lit,"Brisson,Claire-Marie",18,0,0,1,0,0,0,2022,Spring,19
1144,FRENCH 30,Upper-level French,Romance Languages & Lit,"Brisson,Claire-Marie",12,0,0,0,0,0,0,2022,Spring,12
1145,FRENCH 320,French Literature,Romance Languages & Lit,"Conley,Tom",0,1,0,0,0,0,0,2022,Spring,1
1146,FRENCH 330,Doctoral Dissertations,Romance Languages & Lit,"Conley,Verena",0,1,0,0,0,0,0,2022,Spring,1
1147,FRENCH 40,Advanced French I,Romance Languages & Lit,"Brisson,Claire-Marie",13,1,0,1,0,0,0,2022,Spring,15
1148,FRENCH 40,Advanced French I,Romance Languages & Lit,"Brisson,Claire-Marie",7,0,0,1,0,0,0,2022,Spring,8
1149,FRENCH 50,Advanced French II,Romance Languages & Lit,"Turman,Karen",8,0,0,0,0,0,0,2022,Spring,8
1150,FRENCH 50,Advanced French II,Romance Languages & Lit,"Turman,Karen",9,0,0,0,0,0,0,2022,Spring,9
1151,FRENCH 62,French Language and Culture,Romance Languages & Lit,"Turman,Karen",8,0,0,0,0,0,0,2022,Spring,8
1152,FRENCH 62,French Language and Culture,Romance Languages & Lit,"Turman,Karen",4,0,0,1,0,0,0,2022,Spring,5
1153,FRENCH 70C,Intro to Francophone Literatur,Romance Languages & Lit,"Rodriguez,Matthew Elbert",10,0,0,0,0,0,0,2022,Spring,10
1154,FRENCH 83,Photography and Literature,Romance Languages & Lit,"Rodriguez,Matthew Elbert",13,0,0,0,1,0,0,2022,Spring,14
1155,FRENCH 91R,Supervised Reading and Researc,Romance Languages & Lit,"Richman,Kathy A.",1,0,0,0,0,0,0,2022,Spring,1
1193,GEEZ AA,Elementary Geez,African & African Amer Studies,"Mugane,John M",2,0,0,1,0,0,0,2022,Spring,3
1283,GERMAN 101,"German Literature, Culture",Germanic Languages & Lit,"Stewart,William Joseph",2,0,0,0,0,0,0,2022,Spring,2
1284,GERMAN 10AB,Beginning German (Intensive),Germanic Languages & Lit,"Parkes,Lisa",8,1,0,2,0,0,0,2022,Spring,11
1285,GERMAN 10B,Beginning German,Germanic Languages & Lit,"Parkes,Lisa",10,1,0,0,0,0,0,2022,Spring,11
1286,GERMAN 10B,Beginning German,Germanic Languages & Lit,"Parkes,Lisa",6,0,0,1,0,0,0,2022,Spring,7
1287,GERMAN 10B,Beginning German,Germanic Languages & Lit,"Parkes,Lisa",13,1,0,0,0,0,0,2022,Spring,14
1288,GERMAN 119C,German Theory,Germanic Languages & Lit,"Burgard,Peter J.",5,0,0,0,0,0,0,2022,Spring,5
1289,GERMAN 169,Cold War in German Lit. & Art,Germanic Languages & Lit,"Schwakopf,Nadine",4,0,0,1,0,0,0,2022,Spring,5
1290,GERMAN 171,Trial & Error in German Lit.,Germanic Languages & Lit,"Schwakopf,Nadine",0,1,0,1,0,0,0,2022,Spring,2
1291,GERMAN 178,Vienna 20th Century,Germanic Languages & Lit,"Frank Johnson,Alison",1,0,0,1,0,0,0,2022,Spring,2
1292,GERMAN 180,Bargaining with the Devil,Germanic Languages & Lit,"Hamilton,John T.",6,0,0,0,0,0,0,2022,Spring,6
1293,GERMAN 20AB,Intermediate German: Intensive,Germanic Languages & Lit,"Parkes,Lisa",2,1,0,0,0,0,0,2022,Spring,3
1294,GERMAN 20B,Intermediate German,Germanic Languages & Lit,"Parkes,Lisa",9,2,0,1,0,0,0,2022,Spring,12
1295,GERMAN 242,From Winckelmann to Heidegger,Germanic Languages & Lit,"Hamilton,John T.",3,2,0,1,0,0,0,2022,Spring,6
1296,GERMAN 270,Biopolitics and Vampire,Germanic Languages & Lit,"Suetterlin,Nicole",2,1,0,0,0,0,0,2022,Spring,3
1297,GERMAN 300,Dissertation,Germanic Languages & Lit,"Rentschler,Eric",0,3,0,0,0,0,0,2022,Spring,3
1298,GERMAN 300,Dissertation,Germanic Languages & Lit,"Hamilton,John T.",0,7,0,0,0,0,0,2022,Spring,7
1299,GERMAN 300,Dissertation,Germanic Languages & Lit,"Burgard,Peter J.",0,2,0,0,0,0,0,2022,Spring,2
1300,GERMAN 300,Dissertation,Germanic Languages & Lit,"Suetterlin,Nicole",0,1,0,0,0,0,0,2022,Spring,1
1301,GERMAN 300,Dissertation,Germanic Languages & Lit,"Frank Johnson,Alison",0,1,0,0,0,0,0,2022,Spring,1
1302,GERMAN 310,Teaching,Germanic Languages & Lit,"Rentschler,Eric",0,5,0,0,0,0,0,2022,Spring,5
1303,GERMAN 320,Course-Related Work,Germanic Languages & Lit,"Rentschler,Eric",0,1,0,0,0,0,0,2022,Spring,1
1304,GERMAN 61,Advanced Grammar and Reading,Germanic Languages & Lit,"Burgard,Peter J.",6,0,0,0,0,0,0,2022,Spring,6
1305,GERMAN 65,German Drama and Theater,Germanic Languages & Lit,"Parkes,Lisa",9,0,0,0,0,0,0,2022,Spring,9
1306,GERMAN 90R,Dutch,Germanic Languages & Lit,"Parkes,Lisa",2,0,0,0,0,0,0,2022,Spring,2
1307,GERMAN 90R,Dutch,Germanic Languages & Lit,"Parkes,Lisa",0,0,0,1,0,0,0,2022,Spring,1
1308,GERMAN 90R,Dutch,Germanic Languages & Lit,"Parkes,Lisa",1,0,0,0,0,0,0,2022,Spring,1
1309,GERMAN 99B,Tutorial - Senior Year,Germanic Languages & Lit,"Parkes,Lisa",2,0,0,0,0,0,0,2022,Spring,2
1310,GERMAN AX,German for Reading Knowledge,Germanic Languages & Lit,"Stewart,William Joseph",0,3,0,1,0,1,0,2022,Spring,5
1391,GREEK 110,"Plato, Protagoras","Classics, The","Driscoll,Eric",2,0,0,2,0,0,0,2022,Spring,4
1392,GREEK 137,Euripides as Anthropologist,"Classics, The","Nagy,Gregory",10,2,0,0,0,0,0,2022,Spring,12
1393,GREEK 187,Greek Palaeography,"Classics, The","Riehle,Alexander",1,3,0,1,0,1,0,2022,Spring,6
1394,GREEK 1X,Accel. Intro. Ancient Greek 1,"Classics, The","Livingston,Ivy",2,0,0,0,0,0,0,2022,Spring,2
1395,GREEK 2,Introductory Ancient Greek 2,"Classics, The","Livingston,Ivy",11,0,0,0,0,0,0,2022,Spring,11
1396,GULLAH AB,Elementary Gullah,African & African Amer Studies,"Mugane,John M",3,0,0,1,0,0,0,2022,Spring,4
1520,HEBREW 207,Biblical Poetry and Poetics,Near Eastern Languages & Civ,"Teeter,Andrew",2,1,0,0,0,0,0,2022,Spring,3
1521,HEBREW 218,Joseph Story & Book of Esther,Near Eastern Languages & Civ,"Levenson,Jon D.",1,1,0,0,0,0,0,2022,Spring,2
1522,HEBREW 258,The History of God,Near Eastern Languages & Civ,"Rhyder,Julia Victoria",0,2,0,0,0,0,0,2022,Spring,2
1523,HIND-URD 101B,Introductory Hindi-Urdu,South Asian Studies,"Delacy,Richard Somers",11,1,0,2,0,0,0,2022,Spring,14
1524,HIND-URD 101B,Introductory Hindi-Urdu,South Asian Studies,"Kovacs,Hajnalka",1,1,0,0,0,0,0,2022,Spring,2
1525,HIND-URD 102B,Intermediate Hindi-Urdu,South Asian Studies,"Delacy,Richard Somers",9,1,0,4,0,0,0,2022,Spring,14
1526,HIND-URD 103BR,Advanced Hindi-Urdu,South Asian Studies,"Kovacs,Hajnalka",0,0,0,2,0,0,0,2022,Spring,2
1527,HIND-URD 105R,Topics in Hindi-Urdu Literatur,South Asian Studies,"Delacy,Richard Somers",0,3,0,1,0,0,0,2022,Spring,4
1528,HIND-URD 105R,Topics in Hindi-Urdu Literatur,South Asian Studies,"Kovacs,Hajnalka",0,2,0,0,0,0,0,2022,Spring,2
1529,HIND-URD 108,Iqbal's Urdu Poetry,South Asian Studies,"Kovacs,Hajnalka",4,2,0,0,0,0,0,2022,Spring,6
1530,HIND-URD 123,Bollywood and Beyond,South Asian Studies,Unknown,0,0,0,0,0,0,0,2022,Spring,0
1531,HIND-URD 91R,Hindi-Urdu Supervised Readings,South Asian Studies,"Delacy,Richard Somers",0,0,0,0,0,0,0,2022,Spring,0
1697,IGBO AB,Elementary Igbo,African & African Amer Studies,"Mugane,John M",11,0,0,4,0,0,0,2022,Spring,15
1730,IRISH 133R,Intermediate Modern Irish,Celtic Languages & Literatures,"Sumner,Natasha",0,2,0,0,0,0,0,2022,Spring,2
1731,IRISH 201R,Continuing Old Irish,Celtic Languages & Literatures,"Nagy,Joseph F",0,3,0,0,0,0,0,2022,Spring,3
1732,IRISH 208,Readings in Early Modern Irish,Celtic Languages & Literatures,"Sumner,Natasha",0,2,0,0,0,0,0,2022,Spring,2
1737,ITAL 10,Beginning Italian I,Romance Languages & Lit,"Trebaiocchi,Chiara",8,1,0,1,0,0,0,2022,Spring,10
1738,ITAL 11,Beginning Italian II,Romance Languages & Lit,"Trebaiocchi,Chiara",12,0,0,1,0,0,0,2022,Spring,13
1739,ITAL 11,Beginning Italian II,Romance Languages & Lit,"Trebaiocchi,Chiara",12,0,0,0,0,0,0,2022,Spring,12
1740,ITAL 15,Intensive Beginning Italian,Romance Languages & Lit,"Trebaiocchi,Chiara",6,1,0,0,0,0,0,2022,Spring,7
1741,ITAL 165,Preparing the Revolution,Romance Languages & Lit,"Erspamer,Francesco",5,4,0,0,0,0,0,2022,Spring,9
1742,ITAL 20,Intermediate Italian,Romance Languages & Lit,"Trebaiocchi,Chiara",4,0,0,1,0,0,0,2022,Spring,5
1743,ITAL 201R,Italian Studies Colloquium,Romance Languages & Lit,"Erspamer,Francesco",1,4,0,0,0,0,0,2022,Spring,5
1744,ITAL 30,Upper-Level Italian,Romance Languages & Lit,"Trebaiocchi,Chiara",7,0,0,0,0,0,0,2022,Spring,7
1745,ITAL 320,Italian Literature,Romance Languages & Lit,"Schnapp,Jeffrey",0,1,0,0,0,0,0,2022,Spring,1
1746,ITAL 40,Advanced Italian I,Romance Languages & Lit,"Trebaiocchi,Chiara",3,2,0,0,0,0,0,2022,Spring,5
1747,ITAL 50,Advanced Italian II,Romance Languages & Lit,"Trebaiocchi,Chiara",3,0,0,0,0,0,0,2022,Spring,3
1748,JAPAN 120B,Intermediate Japanese I,East Asian Langs & Civ,"Miyagawa,Miki",6,3,0,1,0,0,0,2022,Spring,10
1749,JAPAN 120B,Intermediate Japanese I,East Asian Langs & Civ,"Miyagawa,Miki",6,1,0,1,0,0,0,2022,Spring,8
1750,JAPAN 130B,Intermediate Japanese II,East Asian Langs & Civ,"Graham,Tomoko Amano",3,3,0,1,0,0,0,2022,Spring,7
1751,JAPAN 130B,Intermediate Japanese II,East Asian Langs & Civ,"Graham,Tomoko Amano",5,2,0,2,0,0,0,2022,Spring,9
1752,JAPAN 140B,Advanced Modern Japanese,East Asian Langs & Civ,"Asakura,Naomi",0,0,0,3,0,0,0,2022,Spring,3
1753,JAPAN 140B,Advanced Modern Japanese,East Asian Langs & Civ,"Asakura,Naomi",3,2,0,2,0,0,0,2022,Spring,7
1754,JAPAN 150B,Reads & Discus Jpn Soc Sci,East Asian Langs & Civ,"Asakura,Naomi",1,2,0,0,0,0,0,2022,Spring,3
1755,JAPAN 210B,Reading Academic Japanese,East Asian Langs & Civ,"Jacobsen,Wesley Mark",0,8,0,0,0,0,0,2022,Spring,8
1756,JAPAN 300,Reading and Research,East Asian Langs & Civ,"Howell,David L",0,1,0,0,0,0,0,2022,Spring,1
1757,JAPAN BB,Elementary Japanese,East Asian Langs & Civ,"Kageyama-Hunt,Yuko",7,5,0,0,0,0,0,2022,Spring,12
1758,JAPAN BB,Elementary Japanese,East Asian Langs & Civ,"Kageyama-Hunt,Yuko",10,1,0,0,0,0,0,2022,Spring,11
1759,JAPAN BB,Elementary Japanese,East Asian Langs & Civ,"Kageyama-Hunt,Yuko",12,1,0,2,0,0,0,2022,Spring,15
1767,KOREAN 120B,Intermediate Korean,East Asian Langs & Civ,"Noh,Ahsil",8,2,0,0,0,0,0,2022,Spring,10
1768,KOREAN 120B,Intermediate Korean,East Asian Langs & Civ,"Noh,Ahsil",2,0,0,0,0,0,0,2022,Spring,2
1769,KOREAN 123XB,Int. Korean for Adv. Beg.,East Asian Langs & Civ,"Kim,Hi-Sun Helen",14,0,0,0,0,0,0,2022,Spring,14
1770,KOREAN 130B,Pre-advanced Korean,East Asian Langs & Civ,"Lee,Jee Hyun",7,2,0,0,0,0,0,2022,Spring,9
1771,KOREAN 140B,Advanced Korean,East Asian Langs & Civ,"Noh,Ahsil",4,0,0,0,0,0,0,2022,Spring,4
1772,KOREAN 300,Reading and Research,East Asian Langs & Civ,"Park,Si Nae",0,1,0,0,0,0,0,2022,Spring,1
1773,KOREAN BA,Elementary Korean,East Asian Langs & Civ,"Lee,Jee Hyun",3,2,0,2,0,0,0,2022,Spring,7
1774,KOREAN BB,Elementary Korean,East Asian Langs & Civ,"Kim,Hi-Sun Helen",19,2,1,0,0,0,0,2022,Spring,22
1775,KOREAN BB,Elementary Korean,East Asian Langs & Civ,"Kim,Hi-Sun Helen",23,0,0,0,0,0,0,2022,Spring,23
1780,LATIN 10,Intro. to Latin Literature,"Classics, The","Livingston,Ivy",4,0,0,0,0,0,0,2022,Spring,4
1781,LATIN 107,Lucretius,"Classics, The","Philbrick,Rachel Severynse",10,3,0,1,0,0,0,2022,Spring,14
1782,LATIN 112B,Latin Lit.: Texts & Contexts,"Classics, The","Peirano Garrison,Irene",7,2,0,0,0,0,0,2022,Spring,9
1783,LATIN 142,Latin Imperial Biography,"Classics, The","Morgan,Harry Benjamin",5,1,0,0,0,0,0,2022,Spring,6
1784,LATIN 1X,Accelerated Intro. Latin 1,"Classics, The","Livingston,Ivy",0,1,0,1,0,0,0,2022,Spring,2
1785,LATIN 2,Introductory Latin 2,"Classics, The","Livingston,Ivy",14,1,0,0,0,0,0,2022,Spring,15
1786,LATIN 2,Introductory Latin 2,"Classics, The","Livingston,Ivy",9,0,0,1,0,0,0,2022,Spring,10
1820,MANCHU B,Elementary Manchu,East Asian Langs & Civ,"Bramao-Ramos,Sarah Jessi",0,2,0,1,0,0,0,2022,Spring,3
1929,MEDLATIN 10,Intro. to Medieval Latin Lit.,"Classics, The","Ziolkowski,Jan M.",2,0,0,0,0,0,0,2022,Spring,2
1930,MEDLATIN 105,Walters Poem,"Classics, The","Ziolkowski,Jan M.",4,0,0,0,0,0,0,2022,Spring,4
1964,MOD-HEB 120B,Intermediate Modern Hebrew II,Near Eastern Languages & Civ,"Aharony,Irit",5,1,0,1,0,0,0,2022,Spring,7
1965,MOD-HEB 130B,Advanced Modern Hebrew II,Near Eastern Languages & Civ,"Aharony,Irit",6,0,0,1,0,0,0,2022,Spring,7
1966,MOD-HEB BB,Elementary Modern Hebrew II,Near Eastern Languages & Civ,"Aharony,Irit",6,3,0,0,0,0,0,2022,Spring,9
1967,MODGRK 100,Advanced Modern Greek,"Classics, The","Dourou,Calliopi Ioannis",5,0,0,0,0,0,0,2022,Spring,5
1968,MODGRK AB,Elementary Modern Greek,"Classics, The","Dourou,Calliopi Ioannis",7,2,1,0,0,0,0,2022,Spring,10
1969,MODGRK BB,Intermediate Modern Greek,"Classics, The","Dourou,Calliopi Ioannis",1,2,0,0,0,0,0,2022,Spring,3
2032,NEP 101B,Introductory Nepali,South Asian Studies,"Patil,Parimal G.",1,0,0,0,0,0,0,2022,Spring,1
2033,NEP 102B,Intermediate Nepali,South Asian Studies,"Patil,Parimal G.",1,0,0,0,0,0,0,2022,Spring,1
2034,NEP 103B,Advanced Nepali,South Asian Studies,"Patil,Parimal G.",0,1,0,0,0,0,0,2022,Spring,1
2035,NEP 301,Reading and Research,South Asian Studies,"Witzel,Michael",0,1,0,0,0,0,0,2022,Spring,1
2154,PERSIAN 130BR,Advanced Persian II,Near Eastern Languages & Civ,"Granara,William",0,1,0,0,0,0,0,2022,Spring,1
2155,PERSIAN AB,Elementary Persian II,Near Eastern Languages & Civ,"Ebrahimian,Mojtaba",5,2,0,0,0,0,0,2022,Spring,7
2156,PERSIAN BB,Intermediate Persian II,Near Eastern Languages & Civ,"Ebrahimian,Mojtaba",0,4,0,1,0,0,0,2022,Spring,5
2318,PLSH AB,Elementary Polish II,Slavic Languages & Literatures,"Kovalchuk,Iryna",1,1,0,0,0,0,0,2022,Spring,2
2319,PLSH BB,Intermediate Polish II,Slavic Languages & Literatures,"Kovalchuk,Iryna",0,0,0,2,0,0,0,2022,Spring,2
2320,PLSH CR,Advanced Polish,Slavic Languages & Literatures,"Kovalchuk,Iryna",1,3,0,0,0,0,0,2022,Spring,4
2321,PORTUG 10S,Portuguese for Spanish Spkrs I,Romance Languages & Lit,"Soares,Cristiane",6,1,0,1,0,0,0,2022,Spring,8
2322,PORTUG 11,Beginning Portuguese II,Romance Languages & Lit,"Soares,Cristiane",6,0,0,0,0,0,0,2022,Spring,6
2323,PORTUG 11S,Begin. Portug for Spnsh Spkrs,Romance Languages & Lit,"Soares,Cristiane",7,0,0,3,0,0,0,2022,Spring,10
2324,PORTUG 123B,Portuguese Literary Studies II,Romance Languages & Lit,"Blackmore,Josiah",0,1,0,0,0,0,0,2022,Spring,1
2325,PORTUG 20,Intermediate Portuguese,Romance Languages & Lit,"Soares,Cristiane",3,0,0,1,0,0,0,2022,Spring,4
2326,PORTUG 30,Upper-Level Portuguese,Romance Languages & Lit,"Soares,Cristiane",2,0,0,2,0,0,0,2022,Spring,4
2327,PORTUG 322,Literature of Portugal,Romance Languages & Lit,"Blackmore,Josiah",0,1,0,0,0,0,0,2022,Spring,1
2328,PORTUG 70,Sounds of Brazil,Romance Languages & Lit,"Soares,Cristiane",4,0,0,0,0,0,0,2022,Spring,4
2517,RUSS 103,Advanced Russian II,Slavic Languages & Literatures,"Egorova,Veronika A.",6,2,0,1,0,0,0,2022,Spring,9
2518,RUSS 103,Advanced Russian II,Slavic Languages & Literatures,"Egorova,Veronika A.",4,0,0,2,0,0,0,2022,Spring,6
2520,RUSS 120R,Readings in Advanced Russian,Slavic Languages & Literatures,"Clancy,Steven",1,5,0,0,0,0,0,2022,Spring,6
2521,RUSS AAB,Elementary Russian (Intensive),Slavic Languages & Literatures,"Chirkov,Natalia Georgievna",5,0,0,0,0,0,0,2022,Spring,5
2522,RUSS AB,Elementary Russian II,Slavic Languages & Literatures,"Clancy,Steven",4,1,0,1,0,0,0,2022,Spring,6
2523,RUSS AB,Elementary Russian II,Slavic Languages & Literatures,"Clancy,Steven",10,0,0,0,0,0,0,2022,Spring,10
2524,RUSS BAB,Intermediate Russian (Intensiv,Slavic Languages & Literatures,"Chirkov,Natalia Georgievna",3,2,0,0,0,0,0,2022,Spring,5
2525,RUSS BB,Intermediate Russian II,Slavic Languages & Literatures,"Egorova,Veronika A.",7,1,0,1,0,0,0,2022,Spring,9
2526,RUSS HB,Russian for Heritage Speakers,Slavic Languages & Literatures,"Egorova,Veronika A.",7,1,0,0,0,0,0,2022,Spring,8
2527,SANSKRIT 101B,Elementary Sanskrit,South Asian Studies,"Hawley,Nell Shapiro",3,1,0,3,0,0,0,2022,Spring,7
2528,SANSKRIT 102BR,Intermediate Sanskrit II,South Asian Studies,"Hawley,Nell Shapiro",2,1,0,1,0,0,0,2022,Spring,4
2529,SANSKRIT 201BR,Adv Philosophical Sanskrit,South Asian Studies,"Hawley,Nell Shapiro",0,1,0,1,0,1,0,2022,Spring,3
2530,SANSKRIT 250R,Nth Year Sanskrit: Seminar,South Asian Studies,"Patil,Parimal G.",0,2,0,0,0,0,0,2022,Spring,2
2531,SANSKRIT 301,Reading and Research,South Asian Studies,"Witzel,Michael",0,1,0,0,0,0,0,2022,Spring,1
2532,SANSKRIT 310,Doctoral Dissertations,South Asian Studies,"Patil,Parimal G.",0,1,0,0,0,0,0,2022,Spring,1
2547,SCAND 90R,Scand Lang. Tutorial,Germanic Languages & Lit,"Broome,Agnes",0,0,0,0,0,0,0,2022,Spring,0
2548,SCAND 90R.A,Danish,Germanic Languages & Lit,"Broome,Agnes",2,0,0,0,0,0,0,2022,Spring,2
2549,SCAND 90R.C,Norwegian,Germanic Languages & Lit,"Broome,Agnes",3,0,0,0,0,0,0,2022,Spring,3
2550,SCAND 90R.C,Norwegian,Germanic Languages & Lit,"Broome,Agnes",1,0,0,0,0,0,0,2022,Spring,1
2679,SPANSH 10,Beginning Spanish I,Romance Languages & Lit,"Parra-Velasco,Maria Luisa",6,0,0,0,0,0,0,2022,Spring,6
2680,SPANSH 10,Beginning Spanish I,Romance Languages & Lit,"Parra-Velasco,Maria Luisa",9,1,0,4,0,0,0,2022,Spring,14
2681,SPANSH 11,Beginning Spanish II,Romance Languages & Lit,"Mendez Seijas,Jorge",12,0,0,1,0,0,0,2022,Spring,13
2682,SPANSH 11,Beginning Spanish II,Romance Languages & Lit,"Mendez Seijas,Jorge",10,0,0,0,0,0,0,2022,Spring,10
2683,SPANSH 11,Beginning Spanish II,Romance Languages & Lit,"Mendez Seijas,Jorge",15,0,0,0,0,0,0,2022,Spring,15
2684,SPANSH 11,Beginning Spanish II,Romance Languages & Lit,"Mendez Seijas,Jorge",16,1,0,0,0,0,0,2022,Spring,17
2685,SPANSH 11,Beginning Spanish II,Romance Languages & Lit,"Mendez Seijas,Jorge",11,0,0,0,0,0,0,2022,Spring,11
2686,SPANSH 11,Beginning Spanish II,Romance Languages & Lit,"Mendez Seijas,Jorge",10,1,0,0,0,0,0,2022,Spring,11
2687,SPANSH 11,Beginning Spanish II,Romance Languages & Lit,"Mendez Seijas,Jorge",11,1,0,0,0,0,0,2022,Spring,12
2688,SPANSH 11,Beginning Spanish II,Romance Languages & Lit,"Mendez Seijas,Jorge",16,0,0,0,0,0,0,2022,Spring,16
2689,SPANSH 11,Beginning Spanish II,Romance Languages & Lit,"Mendez Seijas,Jorge",16,0,0,0,0,0,0,2022,Spring,16
2690,SPANSH 11,Beginning Spanish II,Romance Languages & Lit,"Mendez Seijas,Jorge",15,0,0,0,0,0,0,2022,Spring,15
2691,SPANSH 15,Intensive Beginning Spanish,Romance Languages & Lit,"Parra-Velasco,Maria Luisa",2,1,0,5,0,0,0,2022,Spring,8
2692,SPANSH 150,Migration and Border-Crossing,Romance Languages & Lit,"Vega-Duran,Raquel",16,0,0,0,0,0,0,2022,Spring,16
2693,SPANSH 157,Thinking Beyond the Human,Romance Languages & Lit,"Sorensen,Diana",14,4,0,0,0,0,0,2022,Spring,18
2694,SPANSH 171,Barcelona and Catalan Culture,Romance Languages & Lit,"Obis Monne,Aina",12,1,0,1,0,0,0,2022,Spring,14
2695,SPANSH 178,"Queer Latinidad: Race, Sex, an",Romance Languages & Lit,"Sanchez Cruz,Jorge",6,0,0,0,0,0,0,2022,Spring,6
2697,SPANSH 20,Intermediate Spanish,Romance Languages & Lit,"Gutierrez,Adriana",16,0,0,0,0,0,0,2022,Spring,16
2698,SPANSH 20,Intermediate Spanish,Romance Languages & Lit,"Gutierrez,Adriana",14,0,0,0,0,0,0,2022,Spring,14
2699,SPANSH 20,Intermediate Spanish,Romance Languages & Lit,"Gutierrez,Adriana",15,0,0,0,0,0,0,2022,Spring,15
2700,SPANSH 20,Intermediate Spanish,Romance Languages & Lit,"Gutierrez,Adriana",18,0,0,0,0,0,0,2022,Spring,18
2701,SPANSH 20,Intermediate Spanish,Romance Languages & Lit,"Gutierrez,Adriana",13,0,0,1,0,0,0,2022,Spring,14
2702,SPANSH 20,Intermediate Spanish,Romance Languages & Lit,"Gutierrez,Adriana",13,0,0,2,0,0,0,2022,Spring,15
2704,SPANSH 30,Upper-level Spanish,Romance Languages & Lit,"Liander,Johanna Damgaard",9,0,0,0,0,0,0,2022,Spring,9
2705,SPANSH 30,Upper-level Spanish,Romance Languages & Lit,"Liander,Johanna Damgaard",13,0,0,0,0,0,0,2022,Spring,13
2706,SPANSH 30,Upper-level Spanish,Romance Languages & Lit,"Liander,Johanna Damgaard",13,0,0,0,0,0,0,2022,Spring,13
2707,SPANSH 30,Upper-level Spanish,Romance Languages & Lit,"Liander,Johanna Damgaard",12,0,0,0,0,0,0,2022,Spring,12
2708,SPANSH 30,Upper-level Spanish,Romance Languages & Lit,"Liander,Johanna Damgaard",16,1,0,1,0,0,0,2022,Spring,18
2709,SPANSH 30,Upper-level Spanish,Romance Languages & Lit,"Liander,Johanna Damgaard",10,0,0,0,0,0,0,2022,Spring,10
2710,SPANSH 30,Upper-level Spanish,Romance Languages & Lit,"Liander,Johanna Damgaard",15,0,0,0,0,0,0,2022,Spring,15
2711,SPANSH 320,Spanish & Hispanic-American Li,Romance Languages & Lit,"Aguirre-Oteiza,Daniel",0,1,0,0,0,0,0,2022,Spring,1
2712,SPANSH 320,Spanish & Hispanic-American Li,Romance Languages & Lit,"Giron Negron,Luis M.",0,2,0,0,0,0,0,2022,Spring,2
2713,SPANSH 330,Doctoral Dissertations,Romance Languages & Lit,"Siskind,Mariano",0,1,0,0,0,0,0,2022,Spring,1
2714,SPANSH 40,Advanced Spanish Language I,Romance Languages & Lit,"Liander,Johanna Damgaard",14,0,0,0,0,0,0,2022,Spring,14
2715,SPANSH 40,Advanced Spanish Language I,Romance Languages & Lit,"Liander,Johanna Damgaard",12,0,0,0,0,0,0,2022,Spring,12
2716,SPANSH 40,Advanced Spanish Language I,Romance Languages & Lit,"Liander,Johanna Damgaard",13,0,0,1,0,0,0,2022,Spring,14
2717,SPANSH 40,Advanced Spanish Language I,Romance Languages & Lit,"Liander,Johanna Damgaard",14,0,0,0,0,0,0,2022,Spring,14
2718,SPANSH 40,Advanced Spanish Language I,Romance Languages & Lit,"Liander,Johanna Damgaard",6,0,0,0,0,0,0,2022,Spring,6
2719,SPANSH 50,Advanced Spanish II,Romance Languages & Lit,"Gutierrez,Adriana",14,0,0,0,0,0,0,2022,Spring,14
2720,SPANSH 50,Advanced Spanish II,Romance Languages & Lit,"Gutierrez,Adriana",15,0,0,0,0,0,0,2022,Spring,15
2721,SPANSH 50,Advanced Spanish II,Romance Languages & Lit,"Gutierrez,Adriana",10,0,0,0,0,0,0,2022,Spring,10
2722,SPANSH 59,Spanish and the Community,Romance Languages & Lit,"Parra-Velasco,Maria Luisa",10,0,0,4,0,0,0,2022,Spring,14
2723,SPANSH 59H,Spanish for Latino Students II,Romance Languages & Lit,"Parra-Velasco,Maria Luisa",16,0,0,0,0,0,0,2022,Spring,16
2724,SPANSH 61PH,Spanish for Public Health,Romance Languages & Lit,"Gutierrez,Adriana",14,0,0,0,0,0,0,2022,Spring,14
2725,SPANSH 61PH,Spanish for Public Health,Romance Languages & Lit,"Gutierrez,Adriana",13,0,0,0,0,0,0,2022,Spring,13
2726,SPANSH 61PH,Spanish for Public Health,Romance Languages & Lit,"Gutierrez,Adriana",10,0,0,0,0,0,0,2022,Spring,10
2727,SPANSH 70C,Tales of Two Spains,Romance Languages & Lit,"Aguirre-Oteiza,Daniel",12,0,0,0,0,0,0,2022,Spring,12
2728,SPANSH 80TS,Translating Boundaries in Spai,Romance Languages & Lit,"Aguirre-Oteiza,Daniel",9,0,0,0,0,0,0,2022,Spring,9
2761,SUDANESE 101BR,Advance Sudanese Arabic II,African & African Amer Studies,"Mugane,John M",2,1,0,0,0,0,0,2022,Spring,3
2762,SUDANESE AB,Elementary Sudanese Arabic,African & African Amer Studies,"Mugane,John M",0,1,0,0,0,0,0,2022,Spring,1
2763,SWAHILI 101BR,Reading in Swahili II,African & African Amer Studies,"Mugane,John M",4,0,0,0,0,0,0,2022,Spring,4
2764,SWAHILI AB,Elementary Swahili,African & African Amer Studies,"Mugane,John M",8,0,0,1,0,0,0,2022,Spring,9
2765,SWAHILI BB,Intermediate Swahili,African & African Amer Studies,"Mugane,John M",1,1,0,0,0,0,0,2022,Spring,2
2766,SWEDISH 10B,Beginning Swedish Lang and Lit,Germanic Languages & Lit,"Broome,Agnes",5,1,0,1,0,0,0,2022,Spring,7
2767,SWEDISH 20B,Intermediate Swedish,Germanic Languages & Lit,"Broome,Agnes",3,0,0,0,0,0,0,2022,Spring,3
2768,SYRIAC BB,Intermediate Syriac II,Near Eastern Languages & Civ,"Possekel,Ute",0,1,0,1,0,0,0,2022,Spring,2
2803,TAM 101B,Elementary Tamil,South Asian Studies,"Ripley,Jonathan Daniel",4,0,0,2,0,0,0,2022,Spring,6
2804,TAM 102B,Intermediate Tamil,South Asian Studies,"Ripley,Jonathan Daniel",2,1,0,0,0,0,0,2022,Spring,3
2805,TAM 103BR,Advanced Tamil,South Asian Studies,"Ripley,Jonathan Daniel",1,1,0,2,0,0,0,2022,Spring,4
2828,THI 101B,Introductory Thai II,South Asian Studies,"Patil,Parimal G.",2,0,0,4,0,0,0,2022,Spring,6
2829,THI 102B,Intermediate Thai II,South Asian Studies,"Patil,Parimal G.",1,0,0,0,0,0,0,2022,Spring,1
2830,THI 103BR,Readings in Thai II,South Asian Studies,"Patil,Parimal G.",2,0,0,0,0,0,0,2022,Spring,2
2831,TIBET 101B,Elementary Classical Tibetan,South Asian Studies,"van der Kuijp,Leonard Willem Johannes",0,1,0,0,0,0,0,2022,Spring,1
2832,TIBET 102B,Intermediate Classical Tibetan,South Asian Studies,"van der Kuijp,Leonard Willem Johannes",0,0,0,3,0,0,0,2022,Spring,3
2833,TIBET 104BR,Elementary Colloquial Tibetan,South Asian Studies,"Patil,Parimal G.",1,0,0,0,0,0,0,2022,Spring,1
2834,TIBET 105BR,Intermed Colloquial Tibetan,South Asian Studies,"Patil,Parimal G.",0,1,0,2,0,0,0,2022,Spring,3
2835,TIBET 106BR,Advanced Colloquial Tibetan,South Asian Studies,"Patil,Parimal G.",0,1,0,1,0,0,0,2022,Spring,2
2836,TIBET 220,Readings in the Mkhas 'jug...,South Asian Studies,"van der Kuijp,Leonard Willem Johannes",0,5,0,0,0,0,0,2022,Spring,5
2837,TIBET 221,The Protective Deity Mah?k?la,South Asian Studies,"van der Kuijp,Leonard Willem Johannes",0,3,0,0,0,0,0,2022,Spring,3
2838,TIGRINYA 101BR,Advanced Tigrinya II,African & African Amer Studies,"Mugane,John M",0,1,0,1,0,0,0,2022,Spring,2
2839,TIGRINYA AB,Elementary Tigrinya,African & African Amer Studies,"Mugane,John M",4,0,0,2,0,0,0,2022,Spring,6
2840,TURKISH 120B,Intermediate Modern Turkish II,Near Eastern Languages & Civ,"Demir,Meryem",0,3,0,3,0,0,0,2022,Spring,6
2841,TURKISH 130B,Advanced Modern Turkish II,Near Eastern Languages & Civ,"Taskomur,Himmet",1,0,0,0,0,0,0,2022,Spring,1
2842,TURKISH 140B,Intro to Ottoman Turkish II,Near Eastern Languages & Civ,"Taskomur,Himmet",0,3,0,0,0,0,0,2022,Spring,3
2843,TURKISH 150B,Advanced Ottoman Turkish II,Near Eastern Languages & Civ,"Taskomur,Himmet",0,3,0,0,0,0,0,2022,Spring,3
2844,TURKISH 200,Intro Ottoman Archival Study,Near Eastern Languages & Civ,"Taskomur,Himmet",0,2,0,0,0,0,0,2022,Spring,2
2845,TURKISH 300,Turkish Languages/Literatures,Near Eastern Languages & Civ,"Taskomur,Himmet",0,2,0,0,0,0,0,2022,Spring,2
2846,TURKISH AB,Elementary Modern Turkish II,Near Eastern Languages & Civ,"Demir,Meryem",3,3,0,0,0,0,0,2022,Spring,6
2847,TWI 101BR,Reading in Twi II,African & African Amer Studies,"Mugane,John M",3,0,0,0,0,0,0,2022,Spring,3
2848,TWI AB,Elementary Twi,African & African Amer Studies,"Mugane,John M",5,0,0,0,0,0,0,2022,Spring,5
2849,TWI BB,Intermediate Twi,African & African Amer Studies,"Mugane,John M",1,0,0,1,0,0,0,2022,Spring,2
2850,UKRA AB,Elementary Ukrainian II,Slavic Languages & Literatures,"Dibrova,Volodymyr",1,0,0,0,0,0,0,2022,Spring,1
2851,UKRA BR,Intermediate Ukrainian,Slavic Languages & Literatures,"Dibrova,Volodymyr",0,1,0,0,0,0,0,2022,Spring,1
2852,UKRA CR,Advanced Ukrainian,Slavic Languages & Literatures,"Dibrova,Volodymyr",0,4,0,0,0,0,0,2022,Spring,4
2853,UYGHUR 120B,Intermediate/Advanced Uyghur,East Asian Langs & Civ,"Gulina,Aizezi",0,2,0,0,0,0,0,2022,Spring,2
2854,VIETNAM 130B,Advanced Vietnamese,East Asian Langs & Civ,"Ngo,Binh",3,0,0,0,0,0,0,2022,Spring,3
2855,VIETNAM 140B,Advanced-High Vietnamese,East Asian Langs & Civ,"Ngo,Binh",2,0,0,0,0,0,0,2022,Spring,2
2856,VIETNAM BB,Elementary Vietnamese,East Asian Langs & Civ,"Ngo,Binh",7,0,0,2,0,0,0,2022,Spring,9
2866,WELSH 227,Welsh Bardic Poetry,Celtic Languages & Literatures,"McKenna,Catherine",1,3,0,0,0,0,0,2022,Spring,4
2867,WOLOF 101BR,Advanced Wolof II,African & African Amer Studies,"Mugane,John M",1,0,0,1,0,0,0,2022,Spring,2
2868,WOLOF AB,Elementary Wolof,African & African Amer Studies,"Mugane,John M",0,1,0,1,0,0,0,2022,Spring,2
2869,WOLOF BB,Intermediate Wolof,African & African Amer Studies,"Mugane,John M",0,0,0,0,0,0,0,2022,Spring,0
2883,WSTAFRCN AB,Elementary West African Pidgin,African & African Amer Studies,"Mugane,John M",14,0,0,0,0,0,0,2022,Spring,14
2884,YIDDISH 300,Yiddish Language & Literature,Near Eastern Languages & Civ,"Zaritt,Saul",0,0,0,1,0,0,0,2022,Spring,1
2885,YIDDISH AB,Elementary Yiddish II,Near Eastern Languages & Civ,"Feldman,Sara",2,1,0,2,0,0,0,2022,Spring,5
2886,YIDDISH BB,Intermediate Yiddish II,Near Eastern Languages & Civ,"Feldman,Sara",2,0,0,1,0,0,0,2022,Spring,3
2887,YIDDISH CB,Advanced Yiddish II,Near Eastern Languages & Civ,"Feldman,Sara",0,0,0,2,0,0,0,2022,Spring,2
2888,YORUBA 101BR,Reading in Yoruba II,African & African Amer Studies,"Mugane,John M",2,0,0,0,0,0,0,2022,Spring,2
2889,YORUBA AB,Elementary Yoruba,African & African Amer Studies,"Mugane,John M",8,2,0,0,0,0,0,2022,Spring,10
2890,YORUBA BB,Intermediate Yoruba,African & African Amer Studies,"Mugane,John M",5,0,0,0,0,0,0,2022,Spring,5
2891,ZULU 101BR,Advanced Zulu II,African & African Amer Studies,"Mugane,John M",2,0,0,1,0,0,0,2022,Spring,3
2892,ZULU AB,Elementary Zulu,African & African Amer Studies,"Mugane,John M",16,1,0,0,0,0,0,2022,Spring,17
2893,ZULU BB,Intermediate Zulu,African & African Amer Studies,"Mugane,John M",2,0,0,0,0,0,0,2022,Spring,2
19,AFRIKAAN 101BR,Advanced Afrikaans II,African & African Amer Studies,"Mugane,John M",1,0,0,0,0,0,0,2022,Fall,1
20,AFRIKAAN AA,Elementary Afrikaans,African & African Amer Studies,"Mugane,John M",30,2,0,0,0,0,0,2022,Fall,32
60,AKKAD AA,Introductory Akkadian I,Near Eastern Languages & Civ,"Barjamovic,Gojko",1,2,0,2,0,0,0,2022,Fall,5
61,AMHARIC AA,Elementary Amharic,African & African Amer Studies,"Mugane,John M",2,0,0,4,0,0,0,2022,Fall,6
62,AMHARIC BA,Intermediate Amharic,African & African Amer Studies,"Mugane,John M",5,0,0,3,0,0,0,2022,Fall,8
187,ARABIC 130A,Upper-Level Classical Arabic I,Near Eastern Languages & Civ,"Halaby,Gregory",2,2,0,1,0,0,0,2022,Fall,5
188,ARABIC 131A,Upper-Level Modern Arabic l,Near Eastern Languages & Civ,"Madi,Amr Abdelhadi Elsayed",5,3,0,0,0,0,0,2022,Fall,8
189,ARABIC 131A,Upper-Level Modern Arabic l,Near Eastern Languages & Civ,"Madi,Amr Abdelhadi Elsayed",5,1,0,0,0,0,0,2022,Fall,6
190,ARABIC 152,Intro to Quran and Hadith,Near Eastern Languages & Civ,"Nasser,Shady Hekmat",3,0,0,3,0,0,0,2022,Fall,6
191,ARABIC 241AR,Advanced Modern Arabic Bridge,Near Eastern Languages & Civ,"Uthman,Nader",6,1,0,0,0,0,0,2022,Fall,7
192,ARABIC 242AR,Arabic Five,Near Eastern Languages & Civ,"Habib,Muhammad Ahmad",4,2,0,0,0,0,0,2022,Fall,6
193,ARABIC 243BR,Intro to Rational Sciences,Near Eastern Languages & Civ,"El-Rouayheb,Khaled",1,4,0,3,0,0,0,2022,Fall,8
194,ARABIC 245R,Classic Arabic Literature Sem,Near Eastern Languages & Civ,"Nasser,Shady Hekmat",1,3,1,0,0,0,0,2022,Fall,5
195,ARABIC 300,Reading/Research in Arabic,Near Eastern Languages & Civ,"Uthman,Nader",3,0,0,0,0,0,0,2022,Fall,3
196,ARABIC AA,Elementary Arabic I,Near Eastern Languages & Civ,"Cozzens,Richard",10,2,0,0,0,0,0,2022,Fall,12
197,ARABIC AA,Elementary Arabic I,Near Eastern Languages & Civ,"Cozzens,Richard",5,0,0,1,0,0,0,2022,Fall,6
198,ARABIC AA,Elementary Arabic I,Near Eastern Languages & Civ,"Malhas,Dana Ahmad Atef",3,1,0,2,0,0,0,2022,Fall,6
199,ARABIC AA,Elementary Arabic I,Near Eastern Languages & Civ,"Halaby,Gregory",3,0,0,2,0,0,0,2022,Fall,5
200,ARABIC AA,Elementary Arabic I,Near Eastern Languages & Civ,"Malhas,Dana Ahmad Atef",4,2,0,1,0,0,0,2022,Fall,7
201,ARABIC BA,Intermediate Arabic I,Near Eastern Languages & Civ,"Madi,Amr Abdelhadi Elsayed",6,3,0,1,0,0,0,2022,Fall,10
202,ARABIC BA,Intermediate Arabic I,Near Eastern Languages & Civ,"Habib,Muhammad Ahmad",4,2,0,0,0,0,0,2022,Fall,6
203,ARABIC BA,Intermediate Arabic I,Near Eastern Languages & Civ,"Habib,Muhammad Ahmad",10,1,0,0,0,0,0,2022,Fall,11
204,ARMEN AA,Elem Modern Western Armenian I,Near Eastern Languages & Civ,"Gulesserian,Lisa",1,0,0,1,0,0,0,2022,Fall,2
205,ARMENST 111,Art and Culture of Armenia,Near Eastern Languages & Civ,"Maranci,Christina",1,1,0,2,0,0,0,2022,Fall,4
206,ARMENST 210,Art Writing in Armenia,Near Eastern Languages & Civ,"Maranci,Christina",0,0,0,1,0,0,0,2022,Fall,1
284,BCS AA,Elementary BCS I,Slavic Languages & Literatures,"Kuzmic,Tatiana",2,0,0,1,0,0,0,2022,Fall,3
285,BCS BA,Intermediate BCS I,Slavic Languages & Literatures,"Kuzmic,Tatiana",1,0,0,0,0,0,0,2022,Fall,1
286,BCS CR,Advanced BCS,Slavic Languages & Literatures,"Kuzmic,Tatiana",5,1,0,0,0,0,0,2022,Fall,6
378,CATALAN 10,Introduction to Catalan,Romance Languages & Lit,"Obis Monne,Aina",0,0,0,0,0,1,0,2022,Fall,1
410,CHAGATAY A,Elementary Chaghatay,East Asian Langs & Civ,"Gulina,Aizezi",0,2,0,0,0,0,0,2022,Fall,2
482,CHNSE 106A,Intro to Literary Chinese,East Asian Langs & Civ,"Sena,David M",4,3,0,3,0,0,0,2022,Fall,10
483,CHNSE 107A,Intermediate Literary Chinese,East Asian Langs & Civ,"Sena,David M",0,6,0,0,0,0,0,2022,Fall,6
484,CHNSE 120A,Intermediate Modern Chinese,East Asian Langs & Civ,"Yang,Bin",26,0,0,1,0,0,0,2022,Fall,27
485,CHNSE 120A,Intermediate Modern Chinese,East Asian Langs & Civ,"Yang,Bin",14,0,0,0,0,0,0,2022,Fall,14
486,CHNSE 120A,Intermediate Modern Chinese,East Asian Langs & Civ,"Yang,Bin",10,1,0,0,0,0,0,2022,Fall,11
487,CHNSE 120A,Intermediate Modern Chinese,East Asian Langs & Civ,"Zhang,Qiang",9,0,0,0,0,0,0,2022,Fall,9
488,CHNSE 130A,Pre-Advanced Modern Chinese,East Asian Langs & Civ,"Wang,Wei",11,0,0,0,0,0,0,2022,Fall,11
489,CHNSE 130A,Pre-Advanced Modern Chinese,East Asian Langs & Civ,"Wang,Wei",12,0,0,0,0,0,0,2022,Fall,12
490,CHNSE 130A,Pre-Advanced Modern Chinese,East Asian Langs & Civ,"Wang,Wei",9,0,0,0,0,0,0,2022,Fall,9
491,CHNSE 130XA,Pre-Adv Mod Chin for High-Prof,East Asian Langs & Civ,"Chen,Xiaocheng",13,1,0,0,0,0,0,2022,Fall,14
492,CHNSE 130XA,Pre-Adv Mod Chin for High-Prof,East Asian Langs & Civ,"Chen,Xiaocheng",5,0,0,0,0,0,0,2022,Fall,5
493,CHNSE 136R,Intro to Chinese in Humanities,East Asian Langs & Civ,"Liu,Jennifer Li-Chia",22,0,0,1,0,0,0,2022,Fall,23
494,CHNSE 136R,Intro to Chinese in Humanities,East Asian Langs & Civ,"Liu,Jennifer Li-Chia",1,1,0,0,0,0,0,2022,Fall,2
495,CHNSE 140A,Advanced Modern Chinese,East Asian Langs & Civ,"Zhang,Qiang",5,1,0,2,0,0,0,2022,Fall,8
496,CHNSE 140A,Advanced Modern Chinese,East Asian Langs & Civ,"Zhang,Qiang",1,0,0,0,0,0,0,2022,Fall,1
497,CHNSE 140XA,Adv Mod Chin for High-Prof,East Asian Langs & Civ,"Yu,Xiaoshi",7,0,0,0,0,0,0,2022,Fall,7
498,CHNSE 140XA,Adv Mod Chin for High-Prof,East Asian Langs & Civ,"Yu,Xiaoshi",7,0,0,1,0,0,0,2022,Fall,8
499,CHNSE 142A,Advanced Conversational Chines,East Asian Langs & Civ,"Wang,Dan",4,0,0,1,0,0,0,2022,Fall,5
500,CHNSE 150A,Reads & Disc in Acad Prof Chin,East Asian Langs & Civ,"Wang,Dan",5,3,0,2,0,0,0,2022,Fall,10
501,CHNSE 300,Reading and Research,East Asian Langs & Civ,"Li,Jie",0,1,0,0,0,0,0,2022,Fall,1
502,CHNSE 300,Reading and Research,East Asian Langs & Civ,"Szonyi,Michael",0,2,0,0,0,0,0,2022,Fall,2
503,CHNSE 300,Reading and Research,East Asian Langs & Civ,"Wang,David",0,3,0,0,0,0,0,2022,Fall,3
504,CHNSE BA,Elementary Modern Chinese,East Asian Langs & Civ,"Du,Landon (Yuxiao)",9,0,0,2,0,0,0,2022,Fall,11
505,CHNSE BA,Elementary Modern Chinese,East Asian Langs & Civ,"Du,Landon (Yuxiao)",10,0,0,0,0,0,1,2022,Fall,9
506,CHNSE BA,Elementary Modern Chinese,East Asian Langs & Civ,"Du,Landon (Yuxiao)",13,0,0,0,0,0,0,2022,Fall,13
507,CHNSE BA,Elementary Modern Chinese,East Asian Langs & Civ,"Du,Landon (Yuxiao)",3,0,0,0,0,0,0,2022,Fall,3
508,CHNSE BA,Elementary Modern Chinese,East Asian Langs & Civ,"Du,Landon (Yuxiao)",14,1,0,0,0,0,0,2022,Fall,15
509,CHNSE BA,Elementary Modern Chinese,East Asian Langs & Civ,"Du,Landon (Yuxiao)",23,0,0,2,0,0,0,2022,Fall,25
510,CHNSE BX,Elem Chinese for Adv Beginners,East Asian Langs & Civ,"Zhang,Fangzheng",9,1,0,0,0,0,0,2022,Fall,10
511,CHNSE BX,Elem Chinese for Adv Beginners,East Asian Langs & Civ,"Zhang,Fangzheng",18,1,0,0,0,0,0,2022,Fall,19
512,CHNSE BX,Elem Chinese for Adv Beginners,East Asian Langs & Civ,"Zhang,Fangzheng",8,0,0,1,0,0,0,2022,Fall,9
517,CLAS-HEB 120A,Intermediate Classical Hebrew,Near Eastern Languages & Civ,"Rhyder,Julia Victoria",1,0,0,0,0,0,0,2022,Fall,1
518,CLAS-HEB AA,Elementary Classical Hebrew I,Near Eastern Languages & Civ,"Rhyder,Julia Victoria",2,0,1,0,0,0,0,2022,Fall,3
645,CZCH AA,Elementary Czech I,Slavic Languages & Literatures,"Tuckerova,Veronika",3,0,0,0,0,0,0,2022,Fall,3
646,CZCH BA,Intermediate Czech I,Slavic Languages & Literatures,"Tuckerova,Veronika",1,0,0,0,0,0,0,2022,Fall,1
647,CZCH CR,Advanced Czech,Slavic Languages & Literatures,"Tuckerova,Veronika",4,0,0,0,0,0,0,2022,Fall,4
833,EGYPTARB 101AR,Advanced Egyptian Arabic,African & African Amer Studies,"Mugane,John M",0,0,0,0,0,0,0,2022,Fall,0
834,EGYPTARB AA,Elementary Egyptian Arabic,African & African Amer Studies,"Mugane,John M",1,1,0,0,0,0,0,2022,Fall,2
835,EGYPTARB BA,Intermediate Egyptian Arabic,African & African Amer Studies,"Mugane,John M",1,1,0,0,0,0,0,2022,Fall,2
836,EGYPTIAN 150,Voices from the Nile,Near Eastern Languages & Civ,"Manuelian,Peter Der",1,3,0,0,0,0,0,2022,Fall,4
837,EGYPTIAN 200,Egyptian Text Reading,Near Eastern Languages & Civ,"Manuelian,Peter Der",0,3,0,0,0,0,0,2022,Fall,3
838,EGYPTIAN 227,Critical Readings: Egyptology,Near Eastern Languages & Civ,"Manuelian,Peter Der",0,4,0,0,0,0,0,2022,Fall,4
839,EGYPTIAN AA,The Language of the Pharaohs,Near Eastern Languages & Civ,"Manuelian,Peter Der",4,1,0,0,0,0,0,2022,Fall,5
1105,FRENCH 10,Beginning French I,Romance Languages & Lit,"Mills,Nicole",10,0,0,1,0,0,1,2022,Fall,10
1106,FRENCH 10,Beginning French I,Romance Languages & Lit,"Mills,Nicole",14,2,0,1,0,0,0,2022,Fall,17
1107,FRENCH 10,Beginning French I,Romance Languages & Lit,"Mills,Nicole",9,0,0,0,0,0,0,2022,Fall,9
1108,FRENCH 10,Beginning French I,Romance Languages & Lit,"Mills,Nicole",16,0,0,0,0,0,1,2022,Fall,15
1109,FRENCH 11,Beginning French II,Romance Languages & Lit,"Mills,Nicole",13,0,0,0,0,0,0,2022,Fall,13
1110,FRENCH 11,Beginning French II,Romance Languages & Lit,"Mills,Nicole",9,2,0,1,0,0,0,2022,Fall,12
1111,FRENCH 128,Growing Pains: Le roman d'appr,Romance Languages & Lit,"Kim,Annabel",5,1,0,2,1,0,0,2022,Fall,9
1112,FRENCH 131,Early Modern Ecologies: Montai,Romance Languages & Lit,"Conley,Tom",0,2,0,0,0,0,0,2022,Fall,2
1113,FRENCH 136,French Feminisms Today,Romance Languages & Lit,"Jardine,Alice",11,1,0,2,0,0,0,2022,Fall,14
1114,FRENCH 16,Reading French for Research,Romance Languages & Lit,"Mills,Nicole",1,2,0,0,0,0,0,2022,Fall,3
1115,FRENCH 20,Intermediate French,Romance Languages & Lit,"Turman,Karen",13,0,0,0,0,0,0,2022,Fall,13
1116,FRENCH 20,Intermediate French,Romance Languages & Lit,"Turman,Karen",16,0,0,0,0,0,0,2022,Fall,16
1117,FRENCH 20,Intermediate French,Romance Languages & Lit,"Turman,Karen",9,1,0,0,0,0,1,2022,Fall,9
1118,FRENCH 30,Upper-level French,Romance Languages & Lit,"Brisson,Claire-Marie",15,1,0,0,0,0,0,2022,Fall,16
1119,FRENCH 30,Upper-level French,Romance Languages & Lit,"Brisson,Claire-Marie",12,0,0,0,0,0,0,2022,Fall,12
1120,FRENCH 30,Upper-level French,Romance Languages & Lit,"Brisson,Claire-Marie",10,0,0,0,0,0,0,2022,Fall,10
1121,FRENCH 320,French Literature,Romance Languages & Lit,"Conley,Tom",0,1,0,0,0,0,0,2022,Fall,1
1122,FRENCH 330,Doctoral Dissertations,Romance Languages & Lit,"Beizer,Janet L.",0,1,0,0,0,0,0,2022,Fall,1
1123,FRENCH 40,Advanced French I,Romance Languages & Lit,"Brisson,Claire-Marie",15,1,0,0,0,0,0,2022,Fall,16
1124,FRENCH 40,Advanced French I,Romance Languages & Lit,"Brisson,Claire-Marie",11,0,0,1,0,0,0,2022,Fall,12
1125,FRENCH 40,Advanced French I,Romance Languages & Lit,"Brisson,Claire-Marie",9,0,0,0,0,0,0,2022,Fall,9
1126,FRENCH 50,Advanced French II,Romance Languages & Lit,"Turman,Karen",7,0,0,0,0,0,0,2022,Fall,7
1127,FRENCH 50,Advanced French II,Romance Languages & Lit,"Turman,Karen",15,0,0,1,0,0,0,2022,Fall,16
1128,FRENCH 64,French Lang in North America,Romance Languages & Lit,"Brisson,Claire-Marie",12,0,0,0,0,0,0,2022,Fall,12
1129,FRENCH 64,French Lang in North America,Romance Languages & Lit,"Brisson,Claire-Marie",5,0,0,0,0,0,0,2022,Fall,5
1130,FRENCH 84,Genres of Self: French Autobio,Romance Languages & Lit,"Rodriguez,Matthew Elbert",7,0,0,0,0,0,0,2022,Fall,7
1208,GEEZ AB,Elementary Geez,African & African Amer Studies,"Mugane,John M",2,0,0,1,0,0,0,2022,Fall,3
1285,GERMAN 101,"German Lit, Politics, Society",Germanic Languages & Lit,"Struck,Christian",2,0,0,1,0,0,0,2022,Fall,3
1286,GERMAN 10A,Beginning German,Germanic Languages & Lit,"Parkes,Lisa",7,3,0,2,0,0,0,2022,Fall,12
1287,GERMAN 10A,Beginning German,Germanic Languages & Lit,"Parkes,Lisa",8,1,0,1,0,0,1,2022,Fall,9
1288,GERMAN 10A,Beginning German,Germanic Languages & Lit,"Parkes,Lisa",11,0,0,0,0,0,0,2022,Fall,11
1289,GERMAN 10A,Beginning German,Germanic Languages & Lit,"Parkes,Lisa",6,1,0,0,0,0,0,2022,Fall,7
1290,GERMAN 10AB,Beginning German (Intensive),Germanic Languages & Lit,"Parkes,Lisa",5,2,0,0,0,0,0,2022,Fall,7
1291,GERMAN 111,Translating German,Germanic Languages & Lit,"Parkes,Lisa",5,1,0,0,0,0,0,2022,Fall,6
1292,GERMAN 121,Culture of Convenience,Germanic Languages & Lit,"Hamilton,John T.",10,0,0,0,0,0,0,2022,Fall,10
1293,GERMAN 156,AI & Reality in German Cinema,Germanic Languages & Lit,"Dymek,Anne",0,2,0,1,0,0,0,2022,Fall,3
1294,GERMAN 171,Trial & Error in German Lit.,Germanic Languages & Lit,"Schwakopf,Nadine",2,0,0,1,0,0,0,2022,Fall,3
1295,GERMAN 189,Intermediality German Poetry,Germanic Languages & Lit,"Schwakopf,Nadine",0,1,0,0,0,0,0,2022,Fall,1
1296,GERMAN 20A,Intermediate German,Germanic Languages & Lit,"Parkes,Lisa",10,1,0,0,0,0,1,2022,Fall,10
1297,GERMAN 20A,Intermediate German,Germanic Languages & Lit,"Parkes,Lisa",6,0,0,1,0,1,0,2022,Fall,8
1298,GERMAN 20AB,Intermediate German: Intensive,Germanic Languages & Lit,"Parkes,Lisa",4,0,0,1,0,0,0,2022,Fall,5
1299,GERMAN 20B,Intermediate German,Germanic Languages & Lit,"Parkes,Lisa",5,0,0,0,0,0,0,2022,Fall,5
1300,GERMAN 224,Interdisciplinary Goethe,Germanic Languages & Lit,"Carranza,Daniel",0,2,0,1,0,0,0,2022,Fall,3
1301,GERMAN 291,Questions of Theory,Germanic Languages & Lit,"Suetterlin,Nicole",2,1,0,0,0,0,0,2022,Fall,3
1302,GERMAN 300,Dissertation,Germanic Languages & Lit,"Rentschler,Eric",0,0,0,0,0,0,0,2022,Fall,0
1303,GERMAN 300,Dissertation,Germanic Languages & Lit,"Hamilton,John T.",0,5,0,0,0,0,0,2022,Fall,5
1304,GERMAN 300,Dissertation,Germanic Languages & Lit,"Burgard,Peter J.",0,1,0,0,0,0,0,2022,Fall,1
1305,GERMAN 300,Dissertation,Germanic Languages & Lit,"Frank Johnson,Alison",0,1,0,0,0,0,0,2022,Fall,1
1306,GERMAN 310,Teaching,Germanic Languages & Lit,"Rentschler,Eric",0,5,0,0,0,0,0,2022,Fall,5
1307,GERMAN 320,Course-Related Work,Germanic Languages & Lit,"Rentschler,Eric",0,1,0,0,0,0,0,2022,Fall,1
1308,GERMAN 61,Advanced Grammar and Reading,Germanic Languages & Lit,"Dymek,Anne",6,1,0,0,0,0,0,2022,Fall,7
1309,GERMAN 66,German Identity in Fiction,Germanic Languages & Lit,"Stewart,William Joseph",0,0,0,0,0,0,0,2022,Fall,0
1310,GERMAN 90R,Dutch,Germanic Languages & Lit,"Parkes,Lisa",0,0,1,0,0,0,0,2022,Fall,1
1385,GREEK 1,Introductory Ancient Greek 1,"Classics, The","Livingston,Ivy",4,1,0,0,0,0,0,2022,Fall,5
1386,GREEK 10,Intro. to Ancient Greek Lit.,"Classics, The","Livingston,Ivy",5,0,1,0,0,0,0,2022,Fall,6
1387,GREEK 112A,Anc.Greek Lit Texts & Contexts,"Classics, The","Weiss,Naomi A",5,7,0,1,0,0,0,2022,Fall,13
1388,GREEK 116,Greek Lyric Poetry,"Classics, The","Elmer,David Franklin",2,1,1,1,0,0,0,2022,Fall,5
1389,GREEK 134,The Language of Homer,"Classics, The","Rau,Jeremy",2,5,1,0,0,0,0,2022,Fall,8
1390,GREEK 3,Introductory Ancient Greek 3,"Classics, The","Livingston,Ivy",3,0,0,0,0,0,0,2022,Fall,3
1391,GRGN AR,Elementary Georgian,Slavic Languages & Literatures,"Clancy,Steven",0,2,0,0,0,0,0,2022,Fall,2
1392,GULLAH AA,Elementary Gullah,African & African Amer Studies,"Mugane,John M",16,1,0,0,0,0,0,2022,Fall,17
1393,GULLAH BA,Intermediate Gullah,African & African Amer Studies,"Mugane,John M",0,0,0,0,0,0,0,2022,Fall,0
1436,HAITIAN AA,Elementary Haitian Creole,African & African Amer Studies,"Mugane,John M",7,0,0,1,0,0,0,2022,Fall,8
1486,HEBREW 165,Readings in Maimonides,Near Eastern Languages & Civ,"Cohen,Shaye J.D.",4,0,0,4,0,0,1,2022,Fall,7
1487,HEBREW 257,The Book of Proverbs: Seminar,Near Eastern Languages & Civ,"Levenson,Jon D.",0,2,0,0,0,0,0,2022,Fall,2
1488,HIND-URD 101A,Introductory Hindi-Urdu,South Asian Studies,"Delacy,Richard Somers",21,0,0,1,0,0,0,2022,Fall,22
1489,HIND-URD 101A,Introductory Hindi-Urdu,South Asian Studies,"Kovacs,Hajnalka",6,2,0,4,0,0,1,2022,Fall,11
1490,HIND-URD 102A,Intermediate Hindi-Urdu,South Asian Studies,"Delacy,Richard Somers",5,0,0,1,0,0,0,2022,Fall,6
1491,HIND-URD 103AR,Advanced Hindi-Urdu,South Asian Studies,"Kovacs,Hajnalka",2,0,0,0,0,0,0,2022,Fall,2
1492,HIND-URD 105R,Topics in Hindi-Urdu Literatur,South Asian Studies,"Kovacs,Hajnalka",0,1,0,0,0,0,0,2022,Fall,1
1648,IGBO AA,Elementary Igbo,African & African Amer Studies,"Mugane,John M",9,0,0,0,0,0,0,2022,Fall,9
1649,IGBO BA,Intermediate Igbo,African & African Amer Studies,"Mugane,John M",4,0,0,3,0,0,0,2022,Fall,7
1686,IRISH 132,Introduction to Modern Irish,Celtic Languages & Literatures,"Sumner,Natasha",5,1,0,1,0,0,0,2022,Fall,7
1687,IRISH 205R,Readings in Early Irish Prose,Celtic Languages & Literatures,"Nagy,Joseph F",0,5,0,1,0,0,0,2022,Fall,6
1697,ITAL 10,Beginning Italian I,Romance Languages & Lit,"Trebaiocchi,Chiara",9,1,0,0,0,1,1,2022,Fall,10
1698,ITAL 10,Beginning Italian I,Romance Languages & Lit,"Trebaiocchi,Chiara",9,1,0,0,0,0,0,2022,Fall,10
1699,ITAL 10,Beginning Italian I,Romance Languages & Lit,"Trebaiocchi,Chiara",10,0,0,0,0,0,1,2022,Fall,9
1700,ITAL 11,Beginning Italian II,Romance Languages & Lit,"Trebaiocchi,Chiara",5,0,0,1,0,0,0,2022,Fall,6
1701,ITAL 111,Italian Cinema:10 Masterpieces,Romance Languages & Lit,"Erspamer,Francesco",7,2,0,1,0,0,0,2022,Fall,10
1702,ITAL 15,Intensive Beginning Italian,Romance Languages & Lit,"Trebaiocchi,Chiara",8,0,0,0,0,0,0,2022,Fall,8
1703,ITAL 16,Italian for Research,Romance Languages & Lit,"Trebaiocchi,Chiara",0,1,0,0,0,0,0,2022,Fall,1
1704,ITAL 20,Intermediate Italian,Romance Languages & Lit,"Trebaiocchi,Chiara",9,1,0,2,0,0,0,2022,Fall,12
1705,ITAL 245,A Fascist Century,Romance Languages & Lit,"Schnapp,Jeffrey",2,5,0,1,0,0,0,2022,Fall,8
1706,ITAL 30,Upper-Level Italian,Romance Languages & Lit,"Trebaiocchi,Chiara",5,0,0,0,0,1,0,2022,Fall,6
1707,ITAL 40,Advanced Italian I,Romance Languages & Lit,"Trebaiocchi,Chiara",6,0,0,2,0,0,0,2022,Fall,8
1708,ITAL 50,Advanced Italian II,Romance Languages & Lit,"Trebaiocchi,Chiara",4,1,0,1,0,0,0,2022,Fall,6
1709,ITAL 91R,Supervised Reading and Researc,Romance Languages & Lit,"Camozzi Pistoja,Ambrogio",1,0,0,0,0,0,0,2022,Fall,1
1710,JAPAN 106A,Classical Japanese,East Asian Langs & Civ,"Atherton,David C",1,2,0,1,0,0,0,2022,Fall,4
1711,JAPAN 120A,Intermediate Japanese I,East Asian Langs & Civ,"Takehara,Chikako",5,3,0,2,0,0,0,2022,Fall,10
1712,JAPAN 120A,Intermediate Japanese I,East Asian Langs & Civ,"Takehara,Chikako",5,1,0,0,0,0,0,2022,Fall,6
1713,JAPAN 130A,Intermediate Japanese II,East Asian Langs & Civ,"Yagi,Mihoko",6,2,0,0,0,0,0,2022,Fall,8
1714,JAPAN 130A,Intermediate Japanese II,East Asian Langs & Civ,"Yagi,Mihoko",6,2,0,1,0,0,0,2022,Fall,9
1715,JAPAN 140A,Advanced Modern Japanese,East Asian Langs & Civ,"Asakura,Naomi",3,5,0,1,0,0,0,2022,Fall,9
1716,JAPAN 140A,Advanced Modern Japanese,East Asian Langs & Civ,"Asakura,Naomi",2,0,0,1,0,0,0,2022,Fall,3
1717,JAPAN 150A,Reads & Discus Jpn Soc Sci,East Asian Langs & Civ,"Asakura,Naomi",4,3,0,2,0,0,0,2022,Fall,9
1718,JAPAN 210A,Reading Scholarly Japanese,East Asian Langs & Civ,"Jacobsen,Wesley Mark",0,2,0,1,0,0,0,2022,Fall,3
1719,JAPAN 300,Reading and Research,East Asian Langs & Civ,"Howell,David L",0,1,0,0,0,0,0,2022,Fall,1
1720,JAPAN 300,Reading and Research,East Asian Langs & Civ,"Atherton,David C",0,1,0,0,0,0,0,2022,Fall,1
1721,JAPAN BA,Elementary Japanese,East Asian Langs & Civ,"Kageyama-Hunt,Yuko",12,3,0,5,0,0,0,2022,Fall,20
1722,JAPAN BA,Elementary Japanese,East Asian Langs & Civ,"Kageyama-Hunt,Yuko",11,1,0,2,0,0,1,2022,Fall,13
1723,JAPAN BA,Elementary Japanese,East Asian Langs & Civ,"Kageyama-Hunt,Yuko",6,1,0,1,0,0,0,2022,Fall,8
1728,KINYARWA AA,Elementary Kinyarwanda,African & African Amer Studies,"Mugane,John M",1,0,0,0,0,0,0,2022,Fall,1
1729,KOREAN 120A,Intermediate Korean,East Asian Langs & Civ,"Noh,Ahsil",14,4,0,0,0,0,0,2022,Fall,18
1730,KOREAN 130A,Pre-advanced Korean,East Asian Langs & Civ,"Lee,Jee Hyun",9,1,0,0,0,0,0,2022,Fall,10
1731,KOREAN 130XA,Pre-Adv Mod Kor for High-Prof,East Asian Langs & Civ,"Oh,Kyoungwon",6,0,0,0,0,0,0,2022,Fall,6
1732,KOREAN 140A,Advanced Korean,East Asian Langs & Civ,"Noh,Ahsil",3,1,0,0,0,0,0,2022,Fall,4
1733,KOREAN 150A,Readings in Cultural Studies,East Asian Langs & Civ,"Oh,Kyoungwon",2,0,0,0,0,0,0,2022,Fall,2
1734,KOREAN BA,Elementary Korean,East Asian Langs & Civ,"Kim,Hi-Sun Helen",16,1,0,2,0,0,0,2022,Fall,19
1735,KOREAN BA,Elementary Korean,East Asian Langs & Civ,"Kim,Hi-Sun Helen",15,0,0,0,0,0,0,2022,Fall,15
1736,KOREAN BX,Korean for Advanced Beginners,East Asian Langs & Civ,"Lee,Jee Hyun",12,0,0,0,0,0,0,2022,Fall,12
1740,LATIN 1,Introductory Latin 1,"Classics, The","Livingston,Ivy",7,1,0,0,0,0,0,2022,Fall,8
1741,LATIN 1,Introductory Latin 1,"Classics, The","Livingston,Ivy",6,0,0,1,0,0,0,2022,Fall,7
1742,LATIN 1,Introductory Latin 1,"Classics, The","Livingston,Ivy",8,0,0,0,0,0,0,2022,Fall,8
1743,LATIN 1,Introductory Latin 1,"Classics, The","Livingston,Ivy",6,0,0,0,0,0,1,2022,Fall,5
1744,LATIN 10,Intro. to Latin Literature,"Classics, The","Livingston,Ivy",5,1,0,0,0,0,0,2022,Fall,6
1745,LATIN 106A,Virgil: Eclogues and Georgics,"Classics, The","Thomas,Richard F.",16,2,0,0,0,0,0,2022,Fall,18
1746,LATIN 117,Livy and the Gauls,"Classics, The","Love,Rachel",7,1,1,0,0,0,1,2022,Fall,8
1747,LATIN 163,Medeas of Seneca and Ovid,"Classics, The","Philbrick,Rachel",10,1,0,0,0,0,0,2022,Fall,11
1748,LATIN 3,Introductory Latin 3,"Classics, The","Livingston,Ivy",8,2,0,1,0,0,0,2022,Fall,11
1930,MEDGREEK 115,Intro. to Byzantine Greek,"Classics, The","Riehle,Alexander",2,2,0,1,0,0,0,2022,Fall,5
1959,MOD-HEB 120A,Intermediate Modern Hebrew I,Near Eastern Languages & Civ,"Aharony,Irit",5,2,0,0,0,0,0,2022,Fall,7
1960,MOD-HEB 130A,Advanced Modern Hebrew I,Near Eastern Languages & Civ,"Aharony,Irit",8,0,0,0,0,0,0,2022,Fall,8
1961,MOD-HEB 241R,Adv Seminar in Modern Hebrew,Near Eastern Languages & Civ,"Aharony,Irit",1,0,0,0,0,0,0,2022,Fall,1
1962,MOD-HEB BA,Elementary Modern Hebrew I,Near Eastern Languages & Civ,"Aharony,Irit",5,0,0,2,0,0,0,2022,Fall,7
1963,MODGRK 10,Intro to Modern Greek Texts,"Classics, The","Dourou,Calliopi Ioannis",0,1,0,0,0,0,0,2022,Fall,1
1964,MODGRK AA,Elementary Modern Greek,"Classics, The","Dourou,Calliopi Ioannis",6,0,0,0,0,1,0,2022,Fall,7
1965,MODGRK BA,Intermediate Modern Greek,"Classics, The","Dourou,Calliopi Ioannis",3,0,0,0,0,0,0,2022,Fall,3
2024,NEP 101A,Introductory Nepali,South Asian Studies,"Patil,Parimal G.",3,0,0,1,0,0,0,2022,Fall,4
2025,NEP 102A,Intermediate Nepali,South Asian Studies,"Patil,Parimal G.",1,0,0,0,0,0,0,2022,Fall,1
2140,PERSIAN 130AR,Advanced Persian I,Near Eastern Languages & Civ,"Ebrahimian,Mojtaba",2,2,0,0,0,0,0,2022,Fall,4
2141,PERSIAN 153,Heroes and Villains,Near Eastern Languages & Civ,"Anderson,Paul",0,1,0,0,0,0,0,2022,Fall,1
2142,PERSIAN AA,Elementary Persian I,Near Eastern Languages & Civ,"Ebrahimian,Mojtaba",2,6,0,3,0,1,0,2022,Fall,12
2143,PERSIAN BA,Intermediate Persian I,Near Eastern Languages & Civ,"Ebrahimian,Mojtaba",2,4,0,2,0,0,0,2022,Fall,8
2299,PLSH AA,Elementary Polish I,Slavic Languages & Literatures,"Kovalchuk,Iryna",2,1,0,0,0,0,0,2022,Fall,3
2300,PLSH BA,Intermediate Polish I,Slavic Languages & Literatures,"Kovalchuk,Iryna",0,1,0,0,0,0,0,2022,Fall,1
2301,PLSH CR,Advanced Polish,Slavic Languages & Literatures,"Kovalchuk,Iryna",1,1,0,1,0,1,0,2022,Fall,4
2302,PORTUG 10,Beginning Portuguese I,Romance Languages & Lit,"Soares,Cristiane",5,1,0,3,0,0,0,2022,Fall,9
2303,PORTUG 10S,Portuguese for Spanish Spkrs I,Romance Languages & Lit,"Soares,Cristiane",9,2,0,1,0,0,0,2022,Fall,12
2304,PORTUG 10S,Portuguese for Spanish Spkrs I,Romance Languages & Lit,"Soares,Cristiane",6,0,0,0,0,0,0,2022,Fall,6
2305,PORTUG 11S,Begin. Portug for Spnsh Spkrs,Romance Languages & Lit,Unknown,0,0,0,0,0,0,0,2022,Fall,0
2306,PORTUG 153,Brazil and Cuba in the 19th c.,Romance Languages & Lit,"Raminelli,Ronald Jose",1,2,0,0,0,0,0,2022,Fall,3
2307,PORTUG 20,Intermediate Portuguese,Romance Languages & Lit,"Soares,Cristiane",8,0,0,0,0,0,0,2022,Fall,8
2308,PORTUG 220,Theorists of the Sea,Romance Languages & Lit,"Blackmore,Josiah",0,1,0,0,0,0,0,2022,Fall,1
2309,PORTUG 30,Upper-Level Portuguese,Romance Languages & Lit,"Soares,Cristiane",4,0,0,1,0,0,0,2022,Fall,5
2310,PORTUG 321,Literature of Brazil,Romance Languages & Lit,"Blackmore,Josiah",0,1,0,0,0,0,0,2022,Fall,1
2311,PORTUG 62,Womens voices in Brazil,Romance Languages & Lit,"Soares,Cristiane",5,0,0,0,0,0,0,2022,Fall,5
2477,RUSS 101,Third-Year Russian I,Slavic Languages & Literatures,"Egorova,Veronika A.",6,2,0,1,0,0,0,2022,Fall,9
2478,RUSS 101,Third-Year Russian I,Slavic Languages & Literatures,Unknown,0,0,0,0,0,0,0,2022,Fall,0
2479,RUSS 102,Advanced Russian,Slavic Languages & Literatures,"Clancy,Steven",1,5,0,1,0,0,0,2022,Fall,7
2480,RUSS 111,Fourth-Year Russian,Slavic Languages & Literatures,"Zalaltdinova,Liya",4,2,0,0,0,0,0,2022,Fall,6
2481,RUSS 113,Fourth-Year Russian,Slavic Languages & Literatures,"Mironava,Jenya",4,1,0,1,0,0,0,2022,Fall,6
2482,RUSS 120R,Readings in Advanced Russian,Slavic Languages & Literatures,"Clancy,Steven",1,0,0,0,0,0,0,2022,Fall,1
2483,RUSS AA,Elementary Russian I,Slavic Languages & Literatures,"Zalaltdinova,Liya",2,3,0,0,0,0,0,2022,Fall,5
2484,RUSS AA,Elementary Russian I,Slavic Languages & Literatures,"Zalaltdinova,Liya",4,0,0,1,0,0,0,2022,Fall,5
2485,RUSS AA,Elementary Russian I,Slavic Languages & Literatures,"Zalaltdinova,Liya",2,0,0,0,0,0,0,2022,Fall,2
2486,RUSS AAB,Elementary Russian (Intensive),Slavic Languages & Literatures,"Pastushenkov,Dmitrii",3,0,0,0,0,0,0,2022,Fall,3
2487,RUSS BA,Intermediate Russian I,Slavic Languages & Literatures,"Mironava,Jenya",5,1,0,0,0,0,0,2022,Fall,6
2488,RUSS BA,Intermediate Russian I,Slavic Languages & Literatures,"Mironava,Jenya",5,0,0,0,0,0,0,2022,Fall,5
2489,RUSS HA,Russian for Heritage Speakers,Slavic Languages & Literatures,"Egorova,Veronika A.",2,1,0,1,0,0,0,2022,Fall,4
2490,SANSKRIT 101A,Elementary Sanskrit,South Asian Studies,"Hawley,Nell Shapiro",4,1,0,2,0,0,1,2022,Fall,6
2491,SANSKRIT 102AR,Intermediate Sanskrit I,South Asian Studies,"Hawley,Nell Shapiro",2,0,1,2,0,0,0,2022,Fall,5
2492,SANSKRIT 200AR,Advanced Poetic Sanskrit,South Asian Studies,"Hawley,Nell Shapiro",1,2,0,3,0,1,0,2022,Fall,7
2493,SANSKRIT 301,Reading and Research,South Asian Studies,"Patil,Parimal G.",0,1,0,0,0,0,0,2022,Fall,1
2494,SANSKRIT 301,Reading and Research,South Asian Studies,"Witzel,Michael",0,1,0,0,0,0,0,2022,Fall,1
2495,SANSKRIT 310,Doctoral Dissertations,South Asian Studies,"Patil,Parimal G.",0,1,0,0,0,0,0,2022,Fall,1
2496,SANSKRIT 310,Doctoral Dissertations,South Asian Studies,"Witzel,Michael",0,1,0,0,0,0,0,2022,Fall,1
2497,SANSKRIT 91R,Supervised Reading & Research,South Asian Studies,"Hawley,Nell Shapiro",0,0,0,1,0,0,0,2022,Fall,1
2511,SCAND 90R.A,Danish,Germanic Languages & Lit,"Broome,Agnes",2,0,0,0,0,0,0,2022,Fall,2
2512,SCAND 90R.A,Danish,Germanic Languages & Lit,"Broome,Agnes",1,0,0,0,0,0,0,2022,Fall,1
2513,SCAND 90R.A,Danish,Germanic Languages & Lit,"Broome,Agnes",1,0,0,1,0,0,0,2022,Fall,2
2514,SCAND 90R.C,Norwegian,Germanic Languages & Lit,"Broome,Agnes",2,0,0,0,0,0,0,2022,Fall,2
2515,SCAND 90R.C,Norwegian,Germanic Languages & Lit,"Broome,Agnes",2,0,0,0,0,0,0,2022,Fall,2
2641,SPANSH 10,Beginning Spanish I,Romance Languages & Lit,"Parra-Velasco,Maria Luisa",10,1,0,0,0,0,0,2022,Fall,11
2642,SPANSH 10,Beginning Spanish I,Romance Languages & Lit,"Parra-Velasco,Maria Luisa",8,0,0,1,0,0,1,2022,Fall,8
2643,SPANSH 10,Beginning Spanish I,Romance Languages & Lit,"Parra-Velasco,Maria Luisa",12,0,0,1,0,0,0,2022,Fall,13
2644,SPANSH 10,Beginning Spanish I,Romance Languages & Lit,"Parra-Velasco,Maria Luisa",7,0,0,0,0,0,0,2022,Fall,7
2645,SPANSH 10,Beginning Spanish I,Romance Languages & Lit,"Parra-Velasco,Maria Luisa",13,1,0,0,0,0,0,2022,Fall,14
2646,SPANSH 10,Beginning Spanish I,Romance Languages & Lit,"Parra-Velasco,Maria Luisa",9,1,0,0,0,0,0,2022,Fall,10
2647,SPANSH 10,Beginning Spanish I,Romance Languages & Lit,"Parra-Velasco,Maria Luisa",11,0,0,0,0,0,0,2022,Fall,11
2648,SPANSH 10,Beginning Spanish I,Romance Languages & Lit,"Parra-Velasco,Maria Luisa",13,0,0,1,0,0,0,2022,Fall,14
2649,SPANSH 10,Beginning Spanish I,Romance Languages & Lit,"Parra-Velasco,Maria Luisa",5,0,1,2,0,0,0,2022,Fall,8
2650,SPANSH 10,Beginning Spanish I,Romance Languages & Lit,"Parra-Velasco,Maria Luisa",7,0,0,0,0,0,0,2022,Fall,7
2651,SPANSH 10,Beginning Spanish I,Romance Languages & Lit,"Parra-Velasco,Maria Luisa",14,0,0,0,0,0,0,2022,Fall,14
2652,SPANSH 11,Beginning Spanish II,Romance Languages & Lit,"Buchanan,Bailey",12,0,0,1,0,0,0,2022,Fall,13
2653,SPANSH 11,Beginning Spanish II,Romance Languages & Lit,"Buchanan,Bailey",16,0,0,1,0,0,0,2022,Fall,17
2654,SPANSH 11,Beginning Spanish II,Romance Languages & Lit,"Buchanan,Bailey",12,0,0,0,0,0,0,2022,Fall,12
2656,SPANSH 11,Beginning Spanish II,Romance Languages & Lit,"Buchanan,Bailey",17,0,0,0,0,0,0,2022,Fall,17
2657,SPANSH 11,Beginning Spanish II,Romance Languages & Lit,"Buchanan,Bailey",12,0,0,0,0,0,0,2022,Fall,12
2658,SPANSH 11,Beginning Spanish II,Romance Languages & Lit,"Buchanan,Bailey",10,0,0,0,0,0,0,2022,Fall,10
2659,SPANSH 11,Beginning Spanish II,Romance Languages & Lit,"Buchanan,Bailey",12,0,0,0,0,0,0,2022,Fall,12
2660,SPANSH 11,Beginning Spanish II,Romance Languages & Lit,"Buchanan,Bailey",10,0,1,0,0,0,0,2022,Fall,11
2661,SPANSH 122,"Spanish Film, Buñuel-Almodóvar",Romance Languages & Lit,"Vega-Duran,Raquel",13,0,0,0,0,0,0,2022,Fall,13
2662,SPANSH 147,"Decolonial Views, Practices",Romance Languages & Lit,"Sanchez Cruz,Jorge",7,0,0,1,0,0,0,2022,Fall,8
2663,SPANSH 15,Intensive Beginning Spanish,Romance Languages & Lit,"Parra-Velasco,Maria Luisa",10,0,0,1,0,0,0,2022,Fall,11
2664,SPANSH 167,Queer Indigeneity:Conversation,Romance Languages & Lit,"Sanchez Cruz,Jorge",10,0,0,0,0,0,0,2022,Fall,10
2665,SPANSH 194,The Borges Machine,Romance Languages & Lit,"Siskind,Mariano",19,6,0,0,0,0,0,2022,Fall,25
2666,SPANSH 20,Intermediate Spanish,Romance Languages & Lit,"Gutierrez,Adriana",14,0,0,0,0,0,1,2022,Fall,13
2667,SPANSH 20,Intermediate Spanish,Romance Languages & Lit,"Gutierrez,Adriana",9,0,0,1,0,0,0,2022,Fall,10
2668,SPANSH 20,Intermediate Spanish,Romance Languages & Lit,"Gutierrez,Adriana",16,1,0,0,0,0,0,2022,Fall,17
2669,SPANSH 20,Intermediate Spanish,Romance Languages & Lit,"Gutierrez,Adriana",11,0,0,0,0,0,0,2022,Fall,11
2670,SPANSH 20,Intermediate Spanish,Romance Languages & Lit,"Gutierrez,Adriana",10,1,0,1,0,0,0,2022,Fall,12
2671,SPANSH 20,Intermediate Spanish,Romance Languages & Lit,"Gutierrez,Adriana",9,0,0,2,0,0,0,2022,Fall,11
2672,SPANSH 20,Intermediate Spanish,Romance Languages & Lit,"Gutierrez,Adriana",10,0,0,0,0,0,0,2022,Fall,10
2673,SPANSH 20,Intermediate Spanish,Romance Languages & Lit,"Gutierrez,Adriana",15,0,0,0,0,0,0,2022,Fall,15
2674,SPANSH 20,Intermediate Spanish,Romance Languages & Lit,"Gutierrez,Adriana",11,0,0,1,0,0,0,2022,Fall,12
2675,SPANSH 201,History of the Spanish Languag,Romance Languages & Lit,"Giron Negron,Luis M.",1,6,0,0,0,0,0,2022,Fall,7
2676,SPANSH 30,Upper-level Spanish,Romance Languages & Lit,"Liander,Johanna Damgaard",10,0,0,0,0,0,0,2022,Fall,10
2677,SPANSH 30,Upper-level Spanish,Romance Languages & Lit,"Liander,Johanna Damgaard",17,0,0,0,0,0,0,2022,Fall,17
2678,SPANSH 30,Upper-level Spanish,Romance Languages & Lit,"Liander,Johanna Damgaard",12,0,0,0,0,0,0,2022,Fall,12
2679,SPANSH 30,Upper-level Spanish,Romance Languages & Lit,"Liander,Johanna Damgaard",11,0,0,1,0,0,0,2022,Fall,12
2680,SPANSH 30,Upper-level Spanish,Romance Languages & Lit,"Liander,Johanna Damgaard",11,0,0,0,0,0,0,2022,Fall,11
2681,SPANSH 40,Advanced Spanish Language I,Romance Languages & Lit,"Liander,Johanna Damgaard",12,0,0,1,0,0,0,2022,Fall,13
2682,SPANSH 40,Advanced Spanish Language I,Romance Languages & Lit,"Liander,Johanna Damgaard",14,0,0,1,0,0,0,2022,Fall,15
2683,SPANSH 40,Advanced Spanish Language I,Romance Languages & Lit,"Liander,Johanna Damgaard",14,0,0,0,0,0,0,2022,Fall,14
2684,SPANSH 40,Advanced Spanish Language I,Romance Languages & Lit,"Liander,Johanna Damgaard",12,0,0,0,0,0,0,2022,Fall,12
2685,SPANSH 49H,Languaging & Latinx identities,Romance Languages & Lit,"Parra-Velasco,Maria Luisa",15,0,0,0,0,0,0,2022,Fall,15
2686,SPANSH 50,Advanced Spanish II,Romance Languages & Lit,"Gutierrez,Adriana",9,0,0,0,0,0,0,2022,Fall,9
2687,SPANSH 50,Advanced Spanish II,Romance Languages & Lit,"Gutierrez,Adriana",12,1,0,0,0,0,0,2022,Fall,13
2688,SPANSH 50,Advanced Spanish II,Romance Languages & Lit,"Gutierrez,Adriana",12,0,0,2,0,0,0,2022,Fall,14
2689,SPANSH 50,Advanced Spanish II,Romance Languages & Lit,"Gutierrez,Adriana",13,0,0,0,0,0,0,2022,Fall,13
2690,SPANSH 50,Advanced Spanish II,Romance Languages & Lit,"Gutierrez,Adriana",7,0,0,0,0,0,0,2022,Fall,7
2691,SPANSH 59,Spanish and the Community,Romance Languages & Lit,"Parra-Velasco,Maria Luisa",17,0,0,0,0,0,0,2022,Fall,17
2692,SPANSH 59H,Spanish for Latino Students II,Romance Languages & Lit,Unknown,0,0,0,0,0,0,0,2022,Fall,0
2693,SPANSH 61N,Ethics of Business in Lat Am,Romance Languages & Lit,"Gutierrez,Adriana",8,0,0,0,0,0,0,2022,Fall,8
2694,SPANSH 61N,Ethics of Business in Lat Am,Romance Languages & Lit,"Gutierrez,Adriana",7,0,0,0,0,0,0,2022,Fall,7
2695,SPANSH 61N,Ethics of Business in Lat Am,Romance Languages & Lit,"Gutierrez,Adriana",10,0,0,1,0,0,0,2022,Fall,11
2697,SPANSH 72,Intro Spanish Lit and Culture,Romance Languages & Lit,"Vega-Duran,Raquel",18,0,0,1,0,0,0,2022,Fall,19
2698,SPANSH 80T,Translation Wrkshp Spain 20th,Romance Languages & Lit,"Aguirre-Oteiza,Daniel",12,0,0,0,0,0,0,2022,Fall,12
2699,SPANSH 91R,Supervised Reading and Researc,Romance Languages & Lit,"Parra-Velasco,Maria Luisa",1,0,0,0,0,0,0,2022,Fall,1
2700,SPANSH 99A,Tutorial - Senior Year,Romance Languages & Lit,"Parra-Velasco,Maria Luisa",1,0,0,0,0,0,0,2022,Fall,1
2732,SUDANESE 101AR,Advanced Sudanese Arabic,African & African Amer Studies,"Mugane,John M",0,1,0,0,0,0,0,2022,Fall,1
2733,SUDANESE AA,Elementary Sudanese Arabic,African & African Amer Studies,"Mugane,John M",0,0,0,2,0,0,0,2022,Fall,2
2734,SUDANESE BA,Intermediate Sudanese Arabic,African & African Amer Studies,"Mugane,John M",0,1,0,0,0,0,0,2022,Fall,1
2735,SUMERIAN 120A,Intermediate Sumerian,Near Eastern Languages & Civ,"Barjamovic,Gojko",0,2,0,0,0,0,0,2022,Fall,2
2736,SUMERIAN AA,Introductory Sumerian I,Near Eastern Languages & Civ,"Barjamovic,Gojko",2,1,0,0,0,0,1,2022,Fall,2
2737,SWAHILI 101AR,Reading in Swahili,African & African Amer Studies,"Mugane,John M",1,0,0,0,0,0,0,2022,Fall,1
2738,SWAHILI AA,Elementary Swahili,African & African Amer Studies,"Mugane,John M",7,0,0,0,0,0,0,2022,Fall,7
2739,SWAHILI BA,Intermediate Swahili,African & African Amer Studies,"Mugane,John M",3,0,0,2,0,0,0,2022,Fall,5
2740,SWEDISH 10A,Beginning Swedish Lang and Lit,Germanic Languages & Lit,"Broome,Agnes",6,0,0,0,0,0,0,2022,Fall,6
2741,SWEDISH 20A,Intermediate Swedish,Germanic Languages & Lit,"Broome,Agnes",1,1,0,0,0,0,0,2022,Fall,2
2742,SYRIAC AA,Elementary Syriac I,Near Eastern Languages & Civ,"Possekel,Ute",1,1,0,0,0,0,0,2022,Fall,2
2778,TAM 101A,Elementary Tamil,South Asian Studies,"Ripley,Jonathan Daniel",3,1,0,0,0,0,0,2022,Fall,4
2779,TAM 102A,Intermediate Tamil,South Asian Studies,"Ripley,Jonathan Daniel",1,0,0,1,0,0,0,2022,Fall,2
2780,TAM 91R,Tamil Supervised Readings,South Asian Studies,"Ripley,Jonathan Daniel",1,0,0,0,0,0,0,2022,Fall,1
2802,TIBET 101A,Elementary Classical Tibetan,South Asian Studies,"van der Kuijp,Leonard Willem Johannes",0,2,0,3,0,0,0,2022,Fall,5
2803,TIBET 102A,Intermediate Classical Tibetan,South Asian Studies,"van der Kuijp,Leonard Willem Johannes",0,1,0,0,0,0,0,2022,Fall,1
2804,TIBET 105AR,Intermed Colloquial Tibetan,South Asian Studies,"Patil,Parimal G.",0,1,0,0,0,0,0,2022,Fall,1
2805,TIBET 220,The Tibetan Calendar and tradi,South Asian Studies,"van der Kuijp,Leonard Willem Johannes",0,1,0,3,0,0,0,2022,Fall,4
2806,TIBET 237,Readings in Sa skya Pa??ita's,South Asian Studies,"van der Kuijp,Leonard Willem Johannes",0,3,1,2,0,0,0,2022,Fall,6
2807,TIBET 300,Reading and Research,South Asian Studies,"van der Kuijp,Leonard Willem Johannes",0,2,0,0,0,0,0,2022,Fall,2
2808,TIBET 91R,Supervised Reading & Research,South Asian Studies,"van der Kuijp,Leonard Willem Johannes",0,1,0,0,0,0,0,2022,Fall,1
2809,TIGRINYA 101AR,Advanced Tigrinya,African & African Amer Studies,"Mugane,John M",0,1,0,0,0,0,0,2022,Fall,1
2810,TIGRINYA AA,Elementary Tigrinya,African & African Amer Studies,"Mugane,John M",3,0,0,0,0,0,0,2022,Fall,3
2811,TIGRINYA BA,Intermediate Tigrinya,African & African Amer Studies,"Mugane,John M",3,0,0,0,0,0,0,2022,Fall,3
2812,TURKISH 120A,Intermediate Modern Turkish I,Near Eastern Languages & Civ,"Demir,Meryem",2,4,0,1,0,0,0,2022,Fall,7
2813,TURKISH 130A,Advanced Turkish I,Near Eastern Languages & Civ,"Demir,Meryem",0,1,0,0,0,0,0,2022,Fall,1
2814,TURKISH 140A,Intro to Ottoman Turkish I,Near Eastern Languages & Civ,"Taskomur,Himmet",0,2,0,0,0,0,0,2022,Fall,2
2815,TURKISH 150A,Advanced Ottoman Turkish I,Near Eastern Languages & Civ,"Taskomur,Himmet",0,4,0,0,0,0,0,2022,Fall,4
2816,TURKISH 300,Turkish Languages/Literatures,Near Eastern Languages & Civ,"Taskomur,Himmet",1,2,0,0,0,0,0,2022,Fall,3
2817,TURKISH AA,Elementary Modern Turkish I,Near Eastern Languages & Civ,"Demir,Meryem",0,2,1,2,0,0,0,2022,Fall,5
2818,TWI AA,Elementary Twi,African & African Amer Studies,"Mugane,John M",4,0,1,1,0,0,0,2022,Fall,6
2819,TWI BA,Intermediate Twi,African & African Amer Studies,"Mugane,John M",5,0,0,1,0,0,0,2022,Fall,6
2820,UKRA AA,Elementary Ukrainian I,Slavic Languages & Literatures,"Dibrova,Volodymyr",1,0,0,0,0,0,0,2022,Fall,1
2821,UKRA BR,Intermediate Ukrainian,Slavic Languages & Literatures,"Dibrova,Volodymyr",0,4,0,0,0,0,0,2022,Fall,4
2822,UKRA CR,Advanced Ukrainian,Slavic Languages & Literatures,"Dibrova,Volodymyr",0,3,0,0,0,0,0,2022,Fall,3
2824,UYGHUR A,Elementary Uyghur,East Asian Langs & Civ,"Gulina,Aizezi",1,3,0,0,0,0,0,2022,Fall,4
2825,VIETNAM 120A,Intermediate Vietnamese,East Asian Langs & Civ,"Le,Hoa",3,0,0,1,0,0,0,2022,Fall,4
2826,VIETNAM 140A,Advanced-High Vietnamese,East Asian Langs & Civ,"Le,Hoa",3,0,0,0,0,0,0,2022,Fall,3
2827,VIETNAM 91R,Supervised Reading and Researc,East Asian Langs & Civ,"Le,Hoa",1,0,0,0,0,0,0,2022,Fall,1
2828,VIETNAM BA,Elementary Vietnamese,East Asian Langs & Civ,"Le,Hoa",3,1,0,0,0,0,0,2022,Fall,4
2843,WELSH 225A,Medieval Welsh Lang & Lit,Celtic Languages & Literatures,"McKenna,Catherine",1,4,0,0,0,0,0,2022,Fall,5
2844,WOLOF 101AR,Advanced Wolof,African & African Amer Studies,"Mugane,John M",0,1,0,0,0,0,0,2022,Fall,1
2845,WOLOF AA,Elementary Wolof,African & African Amer Studies,"Mugane,John M",0,1,0,1,0,0,0,2022,Fall,2
2846,WOLOF BA,Intermediate Wolof,African & African Amer Studies,"Mugane,John M",0,2,0,1,0,0,0,2022,Fall,3
2858,WSTAFRCN AA,Elementary West African Pidgin,African & African Amer Studies,"Mugane,John M",28,0,0,0,0,0,0,2022,Fall,28
2859,WSTAFRCN BA,Intermediate W. African Pidgin,African & African Amer Studies,"Mugane,John M",5,0,0,0,0,0,0,2022,Fall,5
2860,YIDDISH 107,The Politics of Yiddish,Near Eastern Languages & Civ,"Zaritt,Saul",4,0,0,1,0,0,0,2022,Fall,5
2861,YIDDISH AA,Elementary Yiddish I,Near Eastern Languages & Civ,"Feldman,Sara",1,0,0,1,0,0,0,2022,Fall,2
2862,YIDDISH BA,Intermediate Yiddish I,Near Eastern Languages & Civ,"Feldman,Sara",1,0,1,2,0,0,0,2022,Fall,4
2863,YORUBA 101AR,Reading in Yoruba,African & African Amer Studies,"Mugane,John M",3,0,0,0,0,0,0,2022,Fall,3
2864,YORUBA AA,Elementary Yoruba,African & African Amer Studies,"Mugane,John M",5,0,0,1,0,0,0,2022,Fall,6
2865,YORUBA BA,Intermediate Yoruba,African & African Amer Studies,"Mugane,John M",5,1,0,0,0,0,0,2022,Fall,6
2866,ZULU AA,Elementary Zulu,African & African Amer Studies,"Mugane,John M",50,0,0,0,0,0,0,2022,Fall,50
2867,ZULU BA,Intermediate Zulu,African & African Amer Studies,"Mugane,John M",1,0,0,0,0,0,0,2022,Fall,1
32,AFRIKAAN AB,Elementary Afrikaans,African & African Amer Studies,"Mugane,John M",27,2,0,0,0,0,0,2023,Spring,29
75,AKKAD 157,Introduction to Old Assyrian,Near Eastern Languages & Civ,"Barjamovic,Gojko",1,0,0,0,0,0,0,2023,Spring,1
76,AKKAD 200R,Readings in Akkadian,Near Eastern Languages & Civ,"Barjamovic,Gojko",0,1,0,0,0,0,0,2023,Spring,1
77,AKKAD AB,Introductory Akkadian II,Near Eastern Languages & Civ,"Barjamovic,Gojko",1,2,0,1,0,0,0,2023,Spring,4
78,ALBANIAN AA,Elementary Modern Albanian I,Near Eastern Languages & Civ,"Uthman,Nader",1,1,0,0,0,0,0,2023,Spring,2
79,AMHARIC 101AR,Advanced Amharic,African & African Amer Studies,"Mugane,John M",0,0,0,1,0,0,0,2023,Spring,1
80,AMHARIC 101BR,Advanced Amharic II,African & African Amer Studies,"Mugane,John M",4,0,0,0,0,0,0,2023,Spring,4
81,AMHARIC AB,Elementary Amharic,African & African Amer Studies,"Mugane,John M",2,0,0,2,0,0,0,2023,Spring,4
82,AMHARIC BB,Intermediate Amharic,African & African Amer Studies,"Mugane,John M",6,1,0,5,0,0,0,2023,Spring,12
208,ARABIC 130B,Upper-Level Classical Arabic 2,Near Eastern Languages & Civ,"Halaby,Gregory",1,2,0,0,0,0,0,2023,Spring,3
209,ARABIC 131B,Upper-Level Modern Arabic II,Near Eastern Languages & Civ,"Madi,Amr Abdelhadi Elsayed",5,3,0,1,0,0,0,2023,Spring,9
210,ARABIC 131B,Upper-Level Modern Arabic II,Near Eastern Languages & Civ,"Habib,Muhammad Ahmad",2,0,0,0,0,0,0,2023,Spring,2
211,ARABIC 134,Colloquial Levantine Arabic,Near Eastern Languages & Civ,"Cozzens,Richard",10,2,0,0,0,0,1,2023,Spring,11
212,ARABIC 241BR,Advanced Modern Arabic Bridge,Near Eastern Languages & Civ,"Uthman,Nader",4,1,0,0,0,0,0,2023,Spring,5
213,ARABIC 242BR,Arabic Short Story,Near Eastern Languages & Civ,"Habib,Muhammad Ahmad",6,2,0,0,0,0,0,2023,Spring,8
214,ARABIC AB,Elementary Arabic II,Near Eastern Languages & Civ,"Cozzens,Richard",5,1,0,0,0,0,0,2023,Spring,6
215,ARABIC AB,Elementary Arabic II,Near Eastern Languages & Civ,"Cozzens,Richard",5,1,0,0,0,0,0,2023,Spring,6
216,ARABIC AB,Elementary Arabic II,Near Eastern Languages & Civ,"Malhas,Dana Ahmad Atef",4,2,0,2,0,0,0,2023,Spring,8
217,ARABIC AB,Elementary Arabic II,Near Eastern Languages & Civ,"Malhas,Dana Ahmad Atef",6,0,0,2,0,0,0,2023,Spring,8
218,ARABIC AB,Elementary Arabic II,Near Eastern Languages & Civ,"Malhas,Dana Ahmad Atef",7,2,0,1,0,0,0,2023,Spring,10
219,ARABIC BB,Intermediate Arabic II,Near Eastern Languages & Civ,"Halaby,Gregory",3,2,0,2,0,0,0,2023,Spring,7
220,ARABIC BB,Intermediate Arabic II,Near Eastern Languages & Civ,"Halaby,Gregory",5,2,0,0,0,0,0,2023,Spring,7
221,ARABIC BB,Intermediate Arabic II,Near Eastern Languages & Civ,"Madi,Amr Abdelhadi Elsayed",5,1,0,2,0,0,0,2023,Spring,8
222,ARMEN 101,Intro to Armenian Lit,Near Eastern Languages & Civ,"Gulesserian,Lisa",3,0,0,0,0,0,0,2023,Spring,3
223,ARMEN AB,Elem Modern West Armenian II,Near Eastern Languages & Civ,"Gulesserian,Lisa",1,0,0,1,0,0,0,2023,Spring,2
224,ARMEN CA,Adv. Modern Western Armenian,Near Eastern Languages & Civ,"Gulesserian,Lisa",1,0,0,0,0,0,0,2023,Spring,1
225,ARMENST 112,Armenian Book Arts,Near Eastern Languages & Civ,"Maranci,Christina",1,0,0,0,0,0,0,2023,Spring,1
226,ARMENST 113,Ghost City,Near Eastern Languages & Civ,"Maranci,Christina",1,0,0,0,0,0,0,2023,Spring,1
227,ARMENST 300,Reading/Research: Armenian Std,Near Eastern Languages & Civ,"Maranci,Christina",0,0,0,1,0,0,0,2023,Spring,1
309,BCS AB,Elementary BCS II,Slavic Languages & Literatures,"Kuzmic,Tatiana",2,0,0,1,0,0,0,2023,Spring,3
310,BCS BB,Intermediate BCS II,Slavic Languages & Literatures,"Kuzmic,Tatiana",1,0,0,0,0,0,0,2023,Spring,1
311,BCS CR,Advanced BCS,Slavic Languages & Literatures,"Kuzmic,Tatiana",4,2,0,0,0,0,0,2023,Spring,6
403,CATALAN 11,Catalan Language and Culture,Romance Languages & Lit,Unknown,1,1,0,0,0,0,0,2023,Spring,2
436,CHAGATAY B,Elementary Chaghatay,East Asian Langs & Civ,"Gulina,Aizezi",0,2,0,0,0,0,0,2023,Spring,2
506,CHNSE 106B,Intro to Literary Chinese,East Asian Langs & Civ,"Sena,David M",1,3,0,4,0,0,0,2023,Spring,8
507,CHNSE 107B,Intermediate Literary Chinese,East Asian Langs & Civ,"Sena,David M",0,6,0,0,0,0,0,2023,Spring,6
508,CHNSE 120B,Intermediate Modern Chinese,East Asian Langs & Civ,"Yang,Bin",19,0,0,1,0,0,0,2023,Spring,20
509,CHNSE 120B,Intermediate Modern Chinese,East Asian Langs & Civ,"Yang,Bin",14,1,0,0,0,0,0,2023,Spring,15
510,CHNSE 120B,Intermediate Modern Chinese,East Asian Langs & Civ,"Yang,Bin",15,0,0,0,0,0,0,2023,Spring,15
511,CHNSE 123XB,Intermed Mod Chinese - Adv Beg,East Asian Langs & Civ,"Zhang,Fangzheng",7,0,0,0,0,0,0,2023,Spring,7
512,CHNSE 123XB,Intermed Mod Chinese - Adv Beg,East Asian Langs & Civ,"Zhang,Fangzheng",14,1,0,0,0,0,1,2023,Spring,14
513,CHNSE 123XB,Intermed Mod Chinese - Adv Beg,East Asian Langs & Civ,"Zhang,Fangzheng",15,1,0,1,0,0,0,2023,Spring,17
514,CHNSE 130B,Pre-Advanced Modern Chinese,East Asian Langs & Civ,"Wang,Wei",8,0,0,0,0,0,0,2023,Spring,8
515,CHNSE 130B,Pre-Advanced Modern Chinese,East Asian Langs & Civ,"Wang,Wei",10,0,0,1,0,0,0,2023,Spring,11
516,CHNSE 130B,Pre-Advanced Modern Chinese,East Asian Langs & Civ,"Wang,Wei",11,0,0,0,0,0,0,2023,Spring,11
517,CHNSE 130XB,Pre-Adv Mod Chin for High-Prof,East Asian Langs & Civ,"Chen,Xiaocheng",11,1,0,0,0,0,0,2023,Spring,12
518,CHNSE 130XB,Pre-Adv Mod Chin for High-Prof,East Asian Langs & Civ,"Chen,Xiaocheng",8,0,0,0,0,0,0,2023,Spring,8
519,CHNSE 138R,Chinese in Social Sciences,East Asian Langs & Civ,"Liu,Jennifer Li-Chia",8,0,0,3,0,0,0,2023,Spring,11
520,CHNSE 140B,Advanced Modern Chinese,East Asian Langs & Civ,"Zhang,Qiang",3,1,0,1,0,0,0,2023,Spring,5
521,CHNSE 140XB,Adv Mod Chin for High-Prof,East Asian Langs & Civ,"Yu,Xiaoshi",0,0,0,0,0,0,0,2023,Spring,0
522,CHNSE 140XB,Adv Mod Chin for High-Prof,East Asian Langs & Civ,"Yu,Xiaoshi",4,0,0,0,0,0,0,2023,Spring,4
523,CHNSE 142B,Adv Conversational Chinese,East Asian Langs & Civ,"Zhang,Qiang",3,0,0,0,0,0,0,2023,Spring,3
524,CHNSE 150B,Reads & Disc in Acad Prof Chin,East Asian Langs & Civ,"Wang,Dan",0,2,0,0,0,0,0,2023,Spring,2
525,CHNSE 163,Business Chinese,East Asian Langs & Civ,"Wang,Dan",6,0,0,0,0,0,0,2023,Spring,6
526,CHNSE 187,Art & Violence in Cultural Rev,East Asian Langs & Civ,"Tian,Xiaofei",2,13,0,3,0,0,1,2023,Spring,17
527,CHNSE 300,Reading and Research,East Asian Langs & Civ,"Bol,Peter K.",0,1,0,0,0,0,0,2023,Spring,1
528,CHNSE 300,Reading and Research,East Asian Langs & Civ,"Li,Wai-yee",0,1,0,0,0,0,0,2023,Spring,1
529,CHNSE 300,Reading and Research,East Asian Langs & Civ,"Kelly,Thomas Patrick",0,1,0,0,0,0,0,2023,Spring,1
530,CHNSE 300,Reading and Research,East Asian Langs & Civ,"Tian,Xiaofei",0,2,0,0,0,0,0,2023,Spring,2
531,CHNSE 300,Reading and Research,East Asian Langs & Civ,"Puett,Michael J.",0,1,0,0,0,0,0,2023,Spring,1
532,CHNSE 300,Reading and Research,East Asian Langs & Civ,"Szonyi,Michael",0,2,0,0,0,0,0,2023,Spring,2
533,CHNSE 300,Reading and Research,East Asian Langs & Civ,"Wang,David",0,2,0,0,0,0,0,2023,Spring,2
534,CHNSE BB,Elementary Modern Chinese,East Asian Langs & Civ,"Du,Landon (Yuxiao)",12,1,0,1,0,1,0,2023,Spring,15
535,CHNSE BB,Elementary Modern Chinese,East Asian Langs & Civ,"Du,Landon (Yuxiao)",6,0,0,1,0,0,0,2023,Spring,7
536,CHNSE BB,Elementary Modern Chinese,East Asian Langs & Civ,"Du,Landon (Yuxiao)",22,1,0,0,0,0,0,2023,Spring,23
537,CHNSE BB,Elementary Modern Chinese,East Asian Langs & Civ,"Du,Landon (Yuxiao)",8,0,0,1,0,0,0,2023,Spring,9
538,CHNSE BB,Elementary Modern Chinese,East Asian Langs & Civ,"Du,Landon (Yuxiao)",8,0,0,0,0,0,0,2023,Spring,8
539,CHNSE BB,Elementary Modern Chinese,East Asian Langs & Civ,"Du,Landon (Yuxiao)",11,0,0,0,0,0,0,2023,Spring,11
548,CLAS-HEB 130BR,Rapid Reading Classical Hebrew,Near Eastern Languages & Civ,"Rhyder,Julia Victoria",0,1,0,0,0,0,0,2023,Spring,1
549,CLAS-HEB AB,Elementary Classical Hebrew II,Near Eastern Languages & Civ,"Rhyder,Julia Victoria",2,0,0,0,0,0,0,2023,Spring,2
700,CZCH 112,Readings in Czech,Slavic Languages & Literatures,"Bolton,Jonathan",3,0,0,0,0,0,0,2023,Spring,3
701,CZCH AB,Elementary Czech II,Slavic Languages & Literatures,"Tuckerova,Veronika",2,0,0,0,0,0,0,2023,Spring,2
702,CZCH BB,Intermediate Czech II,Slavic Languages & Literatures,"Tuckerova,Veronika",1,0,0,0,0,0,0,2023,Spring,1
896,EGYPTARB BB,Intermediate Egyptian Arabic,African & African Amer Studies,"Mugane,John M",0,1,0,0,0,0,0,2023,Spring,1
897,EGYPTIAN 200,Egyptian Text Reading,Near Eastern Languages & Civ,"Manuelian,Peter Der",0,2,0,0,0,0,0,2023,Spring,2
898,EGYPTIAN AB,The Language of the Pharaohs,Near Eastern Languages & Civ,"Manuelian,Peter Der",2,1,0,0,0,0,0,2023,Spring,3
1163,FRENCH 10,Beginning French I,Romance Languages & Lit,"Mills,Nicole",9,0,0,4,0,0,0,2023,Spring,13
1164,FRENCH 106,Balzacs Short Stories,Romance Languages & Lit,"Beizer,Janet L.",14,0,0,1,0,0,0,2023,Spring,15
1165,FRENCH 11,Beginning French II,Romance Languages & Lit,"Mills,Nicole",7,0,0,0,0,0,0,2023,Spring,7
1166,FRENCH 11,Beginning French II,Romance Languages & Lit,"Mills,Nicole",10,0,0,1,0,0,0,2023,Spring,11
1167,FRENCH 11,Beginning French II,Romance Languages & Lit,"Mills,Nicole",16,1,0,0,0,0,0,2023,Spring,17
1168,FRENCH 11,Beginning French II,Romance Languages & Lit,"Mills,Nicole",8,0,0,2,0,0,0,2023,Spring,10
1169,FRENCH 145,The Sea as Archive,Romance Languages & Lit,"Rungoo,Usha",3,1,1,0,0,0,0,2023,Spring,5
1170,FRENCH 15,Intensive Beginning French,Romance Languages & Lit,"Mills,Nicole",8,0,0,2,0,0,0,2023,Spring,10
1171,FRENCH 180,Women Writing in French,Romance Languages & Lit,"Jardine,Alice",17,0,2,0,0,0,0,2023,Spring,19
1172,FRENCH 20,Intermediate French,Romance Languages & Lit,"Turman,Karen",7,0,0,1,0,0,0,2023,Spring,8
1173,FRENCH 20,Intermediate French,Romance Languages & Lit,"Turman,Karen",6,1,0,1,0,0,0,2023,Spring,8
1174,FRENCH 20,Intermediate French,Romance Languages & Lit,"Turman,Karen",8,0,0,0,0,0,1,2023,Spring,7
1175,FRENCH 239,my.middleages,Romance Languages & Lit,"Greene,Virginie",1,1,0,0,0,0,0,2023,Spring,2
1176,FRENCH 30,Upper-level French,Romance Languages & Lit,"Brisson,Claire-Marie",11,0,0,0,0,0,0,2023,Spring,11
1177,FRENCH 30,Upper-level French,Romance Languages & Lit,"Brisson,Claire-Marie",10,0,1,0,0,0,0,2023,Spring,11
1178,FRENCH 30,Upper-level French,Romance Languages & Lit,"Brisson,Claire-Marie",11,0,0,0,0,0,0,2023,Spring,11
1179,FRENCH 30,Upper-level French,Romance Languages & Lit,"Brisson,Claire-Marie",10,0,0,0,0,0,0,2023,Spring,10
1180,FRENCH 30,Upper-level French,Romance Languages & Lit,"Brisson,Claire-Marie",5,1,0,0,0,0,0,2023,Spring,6
1181,FRENCH 320,French Literature,Romance Languages & Lit,"Conley,Tom",0,1,0,0,0,0,0,2023,Spring,1
1182,FRENCH 320,French Literature,Romance Languages & Lit,"Greene,Virginie",0,1,0,0,0,0,0,2023,Spring,1
1183,FRENCH 330,Doctoral Dissertations,Romance Languages & Lit,"Beizer,Janet L.",0,1,0,0,0,0,0,2023,Spring,1
1184,FRENCH 40,Advanced French I,Romance Languages & Lit,"Brisson,Claire-Marie",5,0,0,0,0,0,0,2023,Spring,5
1185,FRENCH 40,Advanced French I,Romance Languages & Lit,"Brisson,Claire-Marie",13,1,0,0,0,0,0,2023,Spring,14
1186,FRENCH 40,Advanced French I,Romance Languages & Lit,"Brisson,Claire-Marie",13,0,0,1,0,0,0,2023,Spring,14
1187,FRENCH 50,Advanced French II,Romance Languages & Lit,"Turman,Karen",14,0,0,0,0,0,0,2023,Spring,14
1188,FRENCH 50,Advanced French II,Romance Languages & Lit,"Turman,Karen",10,1,0,0,0,0,0,2023,Spring,11
1189,FRENCH 62,French Language and Culture,Romance Languages & Lit,"Turman,Karen",4,1,0,0,0,0,0,2023,Spring,5
1190,FRENCH 62,French Language and Culture,Romance Languages & Lit,"Turman,Karen",4,0,0,0,0,0,0,2023,Spring,4
1191,FRENCH 70B,French Lit II: 19th-21st Cent.,Romance Languages & Lit,"Rodriguez,Matthew Elbert",6,0,0,0,0,0,0,2023,Spring,6
1192,FRENCH 82,French Theater and Social Body,Romance Languages & Lit,"Rodriguez,Matthew Elbert",5,0,0,0,0,0,0,2023,Spring,5
1193,FRENCH 87,Poetics and Politics,Romance Languages & Lit,"Rungoo,Usha",5,0,0,0,0,0,0,2023,Spring,5
1194,FRENCH 91R,Supervised Reading and Researc,Romance Languages & Lit,"Kim,Annabel",1,0,0,0,0,0,0,2023,Spring,1
1301,GERMAN 100,German Literature and Thought,Germanic Languages & Lit,"Hamilton,John T.",13,2,0,0,0,0,0,2023,Spring,15
1302,GERMAN 102,"German Lit, Art, Culture",Germanic Languages & Lit,"Dymek,Anne",2,0,0,0,0,0,0,2023,Spring,2
1303,GERMAN 10AB,Beginning German (Intensive),Germanic Languages & Lit,"Parkes,Lisa",5,1,0,0,0,0,1,2023,Spring,5
1304,GERMAN 10B,Beginning German,Germanic Languages & Lit,"Parkes,Lisa",9,1,0,2,0,0,0,2023,Spring,12
1305,GERMAN 10B,Beginning German,Germanic Languages & Lit,"Parkes,Lisa",12,2,0,0,0,0,0,2023,Spring,14
1306,GERMAN 10B,Beginning German,Germanic Languages & Lit,"Parkes,Lisa",14,2,0,0,0,0,0,2023,Spring,16
1307,GERMAN 157,Memory & Monuments in Vienna,Germanic Languages & Lit,"Koerner,Joseph",5,0,0,0,0,1,0,2023,Spring,6
1308,GERMAN 161,Aesthetics of Resistance,Germanic Languages & Lit,"Schwakopf,Nadine",1,0,0,0,0,0,0,2023,Spring,1
1309,GERMAN 169,Cold War in German Lit. & Art,Germanic Languages & Lit,"Schwakopf,Nadine",4,0,0,0,0,0,0,2023,Spring,4
1310,GERMAN 192,Artificial Intelligences,Germanic Languages & Lit,"Stewart,William Joseph",8,0,0,0,0,0,0,2023,Spring,8
1311,GERMAN 199,Freedom: Transatlantic Affair,Germanic Languages & Lit,"Carranza,Daniel",3,1,0,0,0,0,0,2023,Spring,4
1312,GERMAN 20AB,Intermediate German: Intensive,Germanic Languages & Lit,"Parkes,Lisa",2,2,1,0,0,0,0,2023,Spring,5
1313,GERMAN 20B,Intermediate German,Germanic Languages & Lit,"Parkes,Lisa",6,0,0,0,0,0,0,2023,Spring,6
1314,GERMAN 20B,Intermediate German,Germanic Languages & Lit,"Parkes,Lisa",9,0,0,0,0,0,0,2023,Spring,9
1315,GERMAN 210,Baroque,Germanic Languages & Lit,"Burgard,Peter J.",2,0,0,0,0,0,0,2023,Spring,2
1316,GERMAN 233,Albert Camus and Günter Grass,Germanic Languages & Lit,"Hamilton,John T.",6,4,1,1,0,0,0,2023,Spring,12
1317,GERMAN 275,German Ecological Imagination,Germanic Languages & Lit,"Carranza,Daniel",0,4,0,2,0,0,0,2023,Spring,6
1318,GERMAN 300,Dissertation,Germanic Languages & Lit,"Hamilton,John T.",0,5,0,0,0,0,0,2023,Spring,5
1319,GERMAN 300,Dissertation,Germanic Languages & Lit,"Burgard,Peter J.",0,1,0,0,0,0,0,2023,Spring,1
1320,GERMAN 300,Dissertation,Germanic Languages & Lit,"Frank Johnson,Alison",0,1,0,0,0,0,0,2023,Spring,1
1321,GERMAN 310,Teaching,Germanic Languages & Lit,"Rentschler,Eric",0,4,0,0,0,0,0,2023,Spring,4
1322,GERMAN 320,Course-Related Work,Germanic Languages & Lit,"Rentschler,Eric",0,1,0,0,0,0,0,2023,Spring,1
1323,GERMAN 62,Advanced Conversation,Germanic Languages & Lit,"Parkes,Lisa",8,0,0,0,0,0,0,2023,Spring,8
1324,GERMAN 68,Talking Art,Germanic Languages & Lit,"Struck,Christian",2,1,0,0,0,0,0,2023,Spring,3
1325,GERMAN 90R,Dutch,Germanic Languages & Lit,"Parkes,Lisa",2,0,0,0,0,0,0,2023,Spring,2
1326,GERMAN 90R,Dutch,Germanic Languages & Lit,"Parkes,Lisa",0,1,1,0,0,0,0,2023,Spring,2
1327,GERMAN 98,Junior Tutorial,Germanic Languages & Lit,"Dymek,Anne",2,0,0,0,0,0,0,2023,Spring,2
1328,GERMAN AX,German for Reading Knowledge,Germanic Languages & Lit,"Stewart,William Joseph",1,4,0,0,0,0,0,2023,Spring,5
1434,GREEK 10,Intro. to Ancient Greek Lit.,"Classics, The","Livingston,Ivy",4,0,0,0,0,0,0,2023,Spring,4
1435,GREEK 110,Plato's Republic,"Classics, The","Driscoll,Eric",5,0,0,0,0,0,0,2023,Spring,5
1436,GREEK 112B,Anc.Greek Lit Texts & Contexts,"Classics, The","Elmer,David Franklin",4,6,0,0,0,0,0,2023,Spring,10
1437,GREEK 175,Greek Syntax and Style,"Classics, The","Nagy,Gregory",1,5,0,1,0,0,0,2023,Spring,7
1438,GREEK 2,Introductory Ancient Greek 2,"Classics, The","Livingston,Ivy",6,1,0,0,0,0,0,2023,Spring,7
1439,GRGN AR,Elementary Georgian,Slavic Languages & Literatures,"Shanava,Mzia",0,2,0,0,0,0,0,2023,Spring,2
1440,GULLAH AB,Elementary Gullah,African & African Amer Studies,"Mugane,John M",13,0,0,0,0,0,0,2023,Spring,13
1441,GULLAH BB,Intermediate Gullah,African & African Amer Studies,"Mugane,John M",0,0,0,0,0,0,0,2023,Spring,0
1494,HAITIAN AB,Elementary Haitian Creole,African & African Amer Studies,"Mugane,John M",7,0,0,3,0,0,0,2023,Spring,10
1545,HEBREW 166,Maimonides' Theological-Politi,Near Eastern Languages & Civ,"Stern,David",3,0,0,0,0,0,0,2023,Spring,3
1546,HEBREW 239,Exodus 2 in Three Contexts,Near Eastern Languages & Civ,"Levenson,Jon D.",0,1,0,0,0,0,0,2023,Spring,1
1547,HEBREW 246,Hebrew Bible Exegesis,Near Eastern Languages & Civ,"Rhyder,Julia Victoria",1,4,0,0,0,0,0,2023,Spring,5
1548,HIND-URD 101B,Introductory Hindi-Urdu,South Asian Studies,"Delacy,Richard Somers",21,0,0,1,0,0,0,2023,Spring,22
1549,HIND-URD 101B,Introductory Hindi-Urdu,South Asian Studies,"Kovacs,Hajnalka",5,2,0,0,0,0,0,2023,Spring,7
1550,HIND-URD 102B,Intermediate Hindi-Urdu,South Asian Studies,"Delacy,Richard Somers",4,0,0,2,0,0,0,2023,Spring,6
1551,HIND-URD 105R,Topics in Hindi-Urdu Literatur,South Asian Studies,"Kovacs,Hajnalka",0,2,0,1,0,0,0,2023,Spring,3
1552,HIND-URD 107,Readings in Urdu Prose Lit,South Asian Studies,"Kovacs,Hajnalka",2,3,0,1,0,0,0,2023,Spring,6
1553,HIND-URD 123,Bollywood and Beyond,South Asian Studies,"Delacy,Richard Somers",11,1,0,3,0,0,0,2023,Spring,15
1707,IGBO AB,Elementary Igbo,African & African Amer Studies,"Mugane,John M",9,0,0,0,0,0,0,2023,Spring,9
1708,IGBO BB,Intermediate Igbo,African & African Amer Studies,"Mugane,John M",4,0,0,3,0,0,0,2023,Spring,7
1750,IRISH 133R,Intermediate Modern Irish,Celtic Languages & Literatures,"Sumner,Natasha",3,1,0,0,0,0,0,2023,Spring,4
1751,IRISH 204R,Readings in Early Irish Poetry,Celtic Languages & Literatures,"O Cathasaigh,Tomas",0,4,0,1,0,0,0,2023,Spring,5
1757,ITAL 10,Beginning Italian I,Romance Languages & Lit,"Trebaiocchi,Chiara",3,2,1,1,0,0,0,2023,Spring,7
1758,ITAL 11,Beginning Italian II,Romance Languages & Lit,"Trebaiocchi,Chiara",16,0,0,0,0,0,0,2023,Spring,16
1759,ITAL 11,Beginning Italian II,Romance Languages & Lit,"Trebaiocchi,Chiara",3,0,0,0,0,1,0,2023,Spring,4
1760,ITAL 11,Beginning Italian II,Romance Languages & Lit,"Trebaiocchi,Chiara",8,0,0,1,0,0,1,2023,Spring,8
1761,ITAL 116,Renaissance Revolutions,Romance Languages & Lit,"Erspamer,Francesco",9,0,0,1,0,0,0,2023,Spring,10
1762,ITAL 138,Cosmos of the Divine Comedy,Romance Languages & Lit,"Camozzi Pistoja,Ambrogio",10,1,0,2,0,0,0,2023,Spring,13
1763,ITAL 15,Intensive Beginning Italian,Romance Languages & Lit,"Trebaiocchi,Chiara",6,0,0,0,0,0,0,2023,Spring,6
1764,ITAL 20,Intermediate Italian,Romance Languages & Lit,"Trebaiocchi,Chiara",5,0,0,1,0,0,0,2023,Spring,6
1765,ITAL 201R,Italian Studies Colloquium,Romance Languages & Lit,"Erspamer,Francesco",2,2,0,0,0,0,0,2023,Spring,4
1766,ITAL 30,Upper-Level Italian,Romance Languages & Lit,"Trebaiocchi,Chiara",8,0,0,2,0,0,0,2023,Spring,10
1767,ITAL 40,Advanced Italian I,Romance Languages & Lit,"Trebaiocchi,Chiara",4,0,0,0,0,0,0,2023,Spring,4
1768,ITAL 50,Advanced Italian II,Romance Languages & Lit,"Trebaiocchi,Chiara",7,0,0,1,0,0,0,2023,Spring,8
1769,ITAL 91R,Supervised Reading and Researc,Romance Languages & Lit,"Camozzi Pistoja,Ambrogio",1,0,0,0,0,0,0,2023,Spring,1
1770,JAPAN 120B,Intermediate Japanese I,East Asian Langs & Civ,"Takehara,Chikako",2,2,0,1,0,0,0,2023,Spring,5
1771,JAPAN 120B,Intermediate Japanese I,East Asian Langs & Civ,"Takehara,Chikako",5,2,0,0,0,0,0,2023,Spring,7
1772,JAPAN 130B,Intermediate Japanese II,East Asian Langs & Civ,"Yagi,Mihoko",4,2,0,1,0,0,0,2023,Spring,7
1773,JAPAN 130B,Intermediate Japanese II,East Asian Langs & Civ,"Yagi,Mihoko",5,2,0,3,0,0,0,2023,Spring,10
1774,JAPAN 140B,Advanced Modern Japanese,East Asian Langs & Civ,"Asakura,Naomi",1,2,0,3,0,0,0,2023,Spring,6
1775,JAPAN 140B,Advanced Modern Japanese,East Asian Langs & Civ,"Asakura,Naomi",3,2,0,1,0,0,0,2023,Spring,6
1776,JAPAN 150B,Reads & Discus Jpn Soc Sci,East Asian Langs & Civ,"Asakura,Naomi",4,2,0,0,0,0,1,2023,Spring,5
1777,JAPAN 210B,Reading Academic Japanese,East Asian Langs & Civ,"Jacobsen,Wesley Mark",0,2,0,1,0,0,0,2023,Spring,3
1778,JAPAN BB,Elementary Japanese,East Asian Langs & Civ,"Kageyama-Hunt,Yuko",8,3,0,3,0,0,0,2023,Spring,14
1779,JAPAN BB,Elementary Japanese,East Asian Langs & Civ,"Kageyama-Hunt,Yuko",8,1,0,0,0,0,0,2023,Spring,9
1780,JAPAN BB,Elementary Japanese,East Asian Langs & Civ,"Kageyama-Hunt,Yuko",16,0,0,3,0,0,0,2023,Spring,19
1785,KINYARWA AB,Elementary Kinyarwanda,African & African Amer Studies,"Mugane,John M",0,1,0,0,0,0,0,2023,Spring,1
1786,KOREAN 120B,Intermediate Korean,East Asian Langs & Civ,"Noh,Ahsil",7,4,0,0,0,0,0,2023,Spring,11
1787,KOREAN 123XB,Int. Korean for Adv. Beg.,East Asian Langs & Civ,"Lee,Jee Hyun",14,0,0,1,0,0,0,2023,Spring,15
1788,KOREAN 130B,Pre-advanced Korean,East Asian Langs & Civ,"Lee,Jee Hyun",7,0,0,0,0,0,0,2023,Spring,7
1789,KOREAN 130XB,Pre-Adv Mod Kor for High-Prof,East Asian Langs & Civ,"Oh,Kyoungwon",2,0,0,0,0,0,0,2023,Spring,2
1790,KOREAN 140B,Advanced Korean,East Asian Langs & Civ,"Noh,Ahsil",2,1,0,0,0,0,0,2023,Spring,3
1791,KOREAN 150B,Readings in Cultural Studies,East Asian Langs & Civ,"Oh,Kyoungwon",1,0,0,0,0,0,0,2023,Spring,1
1792,KOREAN BB,Elementary Korean,East Asian Langs & Civ,"Kim,Hi-Sun Helen",12,1,0,1,0,0,0,2023,Spring,14
1793,KOREAN BB,Elementary Korean,East Asian Langs & Civ,"Kim,Hi-Sun Helen",18,2,0,0,0,0,0,2023,Spring,20
1796,LADINO 16,Beginning Ladino,Romance Languages & Lit,"Giron Negron,Luis M.",1,0,0,2,0,0,0,2023,Spring,3
1797,LATIN 10,Intro. to Latin Literature,"Classics, The","Livingston,Ivy",5,0,0,1,0,0,0,2023,Spring,6
1798,LATIN 103,Latin Elegy,"Classics, The","Philbrick,Rachel",7,0,0,0,0,0,0,2023,Spring,7
1799,LATIN 106C,Aeneid 712,"Classics, The","Thomas,Richard F.",8,2,0,1,0,0,0,2023,Spring,11
1800,LATIN 143,Sallust and Tacitus,"Classics, The","Driscoll,Eric",9,1,0,0,0,0,0,2023,Spring,10
1801,LATIN 2,Introductory Latin 2,"Classics, The","Livingston,Ivy",12,0,0,0,0,0,0,2023,Spring,12
1802,LATIN 2,Introductory Latin 2,"Classics, The","Livingston,Ivy",10,1,0,0,0,0,1,2023,Spring,10
1803,LATIN AX,Latin Review and Reading,"Classics, The","Livingston,Ivy",0,0,0,0,0,0,0,2023,Spring,0
1984,MEDLATIN 10,Intro. to Medieval Latin Lit.,"Classics, The","Livingston,Ivy",5,1,0,0,0,0,0,2023,Spring,6
2019,MOD-HEB 120B,Intermediate Modern Hebrew II,Near Eastern Languages & Civ,"Uthman,Nader",4,2,0,0,0,0,0,2023,Spring,6
2020,MOD-HEB 130B,Advanced Modern Hebrew II,Near Eastern Languages & Civ,"Uthman,Nader",4,0,0,1,0,0,0,2023,Spring,5
2021,MOD-HEB BB,Elementary Modern Hebrew II,Near Eastern Languages & Civ,"Uthman,Nader",5,0,0,1,0,0,0,2023,Spring,6
2022,MODGRK 100,Advanced Modern Greek,"Classics, The","Dourou,Calliopi Ioannis",5,3,0,1,0,0,0,2023,Spring,9
2023,MODGRK AB,Elementary Modern Greek,"Classics, The","Dourou,Calliopi Ioannis",7,0,0,0,0,1,0,2023,Spring,8
2024,MODGRK BB,Intermediate Modern Greek,"Classics, The","Dourou,Calliopi Ioannis",4,0,0,0,0,1,0,2023,Spring,5
2094,NEP 101B,Introductory Nepali,South Asian Studies,"Patil,Parimal G.",2,0,0,0,0,0,0,2023,Spring,2
2095,NEP 102B,Intermediate Nepali,South Asian Studies,"Patil,Parimal G.",2,0,0,1,0,0,0,2023,Spring,3
2096,NEP 103B,Advanced Nepali,South Asian Studies,"Patil,Parimal G.",3,0,0,0,0,0,0,2023,Spring,3
2097,NEP 301,Reading and Research,South Asian Studies,"Witzel,Michael",0,1,0,0,0,0,0,2023,Spring,1
2208,PERSIAN 130BR,Advanced Persian II,Near Eastern Languages & Civ,"Ebrahimian,Mojtaba",2,2,0,0,0,0,0,2023,Spring,4
2209,PERSIAN AB,Elementary Persian II,Near Eastern Languages & Civ,"Ebrahimian,Mojtaba",1,6,0,2,0,1,0,2023,Spring,10
2210,PERSIAN BB,Intermediate Persian II,Near Eastern Languages & Civ,"Ebrahimian,Mojtaba",1,5,0,2,0,0,0,2023,Spring,8
2368,PLSH AB,Elementary Polish II,Slavic Languages & Literatures,"Kovalchuk,Iryna",2,0,0,0,0,0,0,2023,Spring,2
2369,PLSH BB,Intermediate Polish II,Slavic Languages & Literatures,"Kovalchuk,Iryna",1,3,0,0,0,0,0,2023,Spring,4
2370,PLSH CR,Advanced Polish,Slavic Languages & Literatures,"Kovalchuk,Iryna",2,1,0,1,0,1,0,2023,Spring,5
2371,PORTUG 10S,Portuguese for Spanish Spkrs I,Romance Languages & Lit,"Soares,Cristiane",5,0,0,0,0,0,0,2023,Spring,5
2372,PORTUG 11,Beginning Portuguese II,Romance Languages & Lit,"Soares,Cristiane",4,1,0,2,0,0,0,2023,Spring,7
2373,PORTUG 11S,Begin. Portug for Spnsh Spkrs,Romance Languages & Lit,"Soares,Cristiane",10,2,0,0,0,0,0,2023,Spring,12
2374,PORTUG 15,Intensive Beginning Portuguese,Romance Languages & Lit,"Soares,Cristiane",3,1,0,1,0,0,0,2023,Spring,5
2375,PORTUG 182,The Worlds of Camões,Romance Languages & Lit,"Blackmore,Josiah",1,2,0,0,0,0,0,2023,Spring,3
2376,PORTUG 30,Upper-Level Portuguese,Romance Languages & Lit,"Soares,Cristiane",3,1,0,0,0,0,0,2023,Spring,4
2377,PORTUG 40,Advanced Portuguese I,Romance Languages & Lit,"Soares,Cristiane",6,0,0,1,0,0,0,2023,Spring,7
2557,RUSS 103,Third-Year Russian II,Slavic Languages & Literatures,"Egorova,Veronika A.",3,3,0,2,0,0,0,2023,Spring,8
2558,RUSS 103,Third-Year Russian II,Slavic Languages & Literatures,"Egorova,Veronika A.",2,0,0,0,0,0,0,2023,Spring,2
2559,RUSS 112,Advanced Russian,Slavic Languages & Literatures,"Pastushenkov,Dmitrii",4,3,0,1,0,0,0,2023,Spring,8
2560,RUSS 114,Fourth-Year Russian,Slavic Languages & Literatures,"Zalaltdinova,Liya",3,2,0,2,0,0,0,2023,Spring,7
2561,RUSS AAB,Elementary Russian (Intensive),Slavic Languages & Literatures,"Pastushenkov,Dmitrii",4,0,0,2,0,0,0,2023,Spring,6
2562,RUSS AB,Elementary Russian II,Slavic Languages & Literatures,"Zalaltdinova,Liya",2,2,0,0,0,0,1,2023,Spring,3
2563,RUSS AB,Elementary Russian II,Slavic Languages & Literatures,"Clancy,Steven",5,0,0,1,0,0,1,2023,Spring,5
2564,RUSS BAB,Intermediate Russian (Intensiv,Slavic Languages & Literatures,"Mironava,Jenya",2,0,0,0,0,0,0,2023,Spring,2
2565,RUSS BB,Intermediate Russian II,Slavic Languages & Literatures,"Clancy,Steven",7,0,0,0,0,0,0,2023,Spring,7
2566,RUSS HB,Russian for Heritage Speakers,Slavic Languages & Literatures,"Egorova,Veronika A.",2,1,0,1,0,0,0,2023,Spring,4
2567,SANSKRIT 101B,Elementary Sanskrit,South Asian Studies,"Hawley,Nell Shapiro",3,1,0,2,0,0,0,2023,Spring,6
2568,SANSKRIT 102BR,Intermediate Sanskrit II,South Asian Studies,"Hawley,Nell Shapiro",2,0,0,3,0,0,0,2023,Spring,5
2569,SANSKRIT 201BR,Adv Philosophical Sanskrit,South Asian Studies,"Patil,Parimal G.",2,1,0,3,0,1,0,2023,Spring,7
2570,SANSKRIT 250R,Nth Year Sanskrit: Seminar,South Asian Studies,"Patil,Parimal G.",0,1,0,0,0,0,0,2023,Spring,1
2571,SANSKRIT 301,Reading and Research,South Asian Studies,"Patil,Parimal G.",0,1,0,0,0,0,0,2023,Spring,1
2572,SANSKRIT 301,Reading and Research,South Asian Studies,"Witzel,Michael",0,1,0,0,0,0,0,2023,Spring,1
2573,SANSKRIT 310,Doctoral Dissertations,South Asian Studies,"Witzel,Michael",0,1,0,0,0,0,0,2023,Spring,1
2574,SANSKRIT 91R,Supervised Reading & Research,South Asian Studies,"Hawley,Nell Shapiro",0,0,0,1,0,0,0,2023,Spring,1
2594,SCAND 90R.A,Danish,Germanic Languages & Lit,"Broome,Agnes",1,0,0,0,0,0,0,2023,Spring,1
2597,SCAND 90R.C,Norwegian,Germanic Languages & Lit,"Broome,Agnes",1,0,0,1,0,0,0,2023,Spring,2
2617,SEMPHIL 152,Introduction to Ugaritic,Near Eastern Languages & Civ,"Rhyder,Julia Victoria",0,1,0,0,0,0,0,2023,Spring,1
2730,SPANSH 10,Beginning Spanish I,Romance Languages & Lit,"Buchanan,Bailey",6,0,2,1,0,0,0,2023,Spring,9
2731,SPANSH 10,Beginning Spanish I,Romance Languages & Lit,"Buchanan,Bailey",10,0,0,2,0,0,0,2023,Spring,12
2732,SPANSH 109,Translating Poetry Spain,Romance Languages & Lit,"Aguirre-Oteiza,Daniel",14,0,0,0,0,0,0,2023,Spring,14
2733,SPANSH 11,Beginning Spanish II,Romance Languages & Lit,"Parra-Velasco,Maria Luisa",10,1,0,0,0,0,0,2023,Spring,11
2734,SPANSH 11,Beginning Spanish II,Romance Languages & Lit,"Parra-Velasco,Maria Luisa",6,1,0,1,0,0,0,2023,Spring,8
2735,SPANSH 11,Beginning Spanish II,Romance Languages & Lit,"Parra-Velasco,Maria Luisa",7,0,0,0,0,0,1,2023,Spring,6
2736,SPANSH 11,Beginning Spanish II,Romance Languages & Lit,"Parra-Velasco,Maria Luisa",16,0,0,1,0,0,0,2023,Spring,17
2737,SPANSH 11,Beginning Spanish II,Romance Languages & Lit,"Parra-Velasco,Maria Luisa",12,0,0,0,0,0,0,2023,Spring,12
2738,SPANSH 11,Beginning Spanish II,Romance Languages & Lit,"Parra-Velasco,Maria Luisa",18,0,0,0,0,0,0,2023,Spring,18
2739,SPANSH 11,Beginning Spanish II,Romance Languages & Lit,"Parra-Velasco,Maria Luisa",15,0,0,1,0,0,0,2023,Spring,16
2740,SPANSH 11,Beginning Spanish II,Romance Languages & Lit,"Parra-Velasco,Maria Luisa",15,0,0,0,0,0,0,2023,Spring,15
2741,SPANSH 11,Beginning Spanish II,Romance Languages & Lit,"Parra-Velasco,Maria Luisa",13,0,0,0,0,0,0,2023,Spring,13
2742,SPANSH 131,Latin American Cinema,Romance Languages & Lit,"Sanchez Cruz,Jorge",14,0,0,2,0,0,0,2023,Spring,16
2743,SPANSH 15,Intensive Beginning Spanish,Romance Languages & Lit,"Buchanan,Bailey",6,0,0,0,0,0,0,2023,Spring,6
2744,SPANSH 157,Thinking Beyond the Human,Romance Languages & Lit,"Sorensen,Diana",18,0,0,0,0,0,0,2023,Spring,18
2745,SPANSH 171,Barcelona and Catalan Culture,Romance Languages & Lit,"Obis Monne,Aina",17,0,0,0,0,0,0,2023,Spring,17
2746,SPANSH 20,Intermediate Spanish,Romance Languages & Lit,"Gutierrez,Adriana",14,0,0,0,0,0,0,2023,Spring,14
2747,SPANSH 20,Intermediate Spanish,Romance Languages & Lit,"Gutierrez,Adriana",12,1,0,1,0,0,0,2023,Spring,14
2748,SPANSH 20,Intermediate Spanish,Romance Languages & Lit,"Gutierrez,Adriana",13,0,0,0,0,0,0,2023,Spring,13
2749,SPANSH 20,Intermediate Spanish,Romance Languages & Lit,"Gutierrez,Adriana",11,0,0,3,0,0,0,2023,Spring,14
2750,SPANSH 20,Intermediate Spanish,Romance Languages & Lit,"Gutierrez,Adriana",12,0,0,1,0,0,0,2023,Spring,13
2751,SPANSH 20,Intermediate Spanish,Romance Languages & Lit,"Gutierrez,Adriana",12,0,0,1,0,0,0,2023,Spring,13
2752,SPANSH 20,Intermediate Spanish,Romance Languages & Lit,"Gutierrez,Adriana",13,1,0,1,0,0,0,2023,Spring,15
2753,SPANSH 20,Intermediate Spanish,Romance Languages & Lit,"Gutierrez,Adriana",12,0,0,0,0,0,0,2023,Spring,12
2754,SPANSH 20,Intermediate Spanish,Romance Languages & Lit,"Gutierrez,Adriana",13,1,0,0,0,0,0,2023,Spring,14
2755,SPANSH 236,"Queer, Trans*, and Feminism",Romance Languages & Lit,"Sanchez Cruz,Jorge",3,5,1,0,0,0,0,2023,Spring,9
2756,SPANSH 30,Upper-level Spanish,Romance Languages & Lit,"Liander,Johanna Damgaard",10,0,0,0,0,0,1,2023,Spring,9
2757,SPANSH 30,Upper-level Spanish,Romance Languages & Lit,"Liander,Johanna Damgaard",8,0,0,0,0,0,0,2023,Spring,8
2758,SPANSH 30,Upper-level Spanish,Romance Languages & Lit,"Liander,Johanna Damgaard",9,0,0,1,0,0,0,2023,Spring,10
2759,SPANSH 30,Upper-level Spanish,Romance Languages & Lit,"Liander,Johanna Damgaard",11,0,0,1,0,0,0,2023,Spring,12
2760,SPANSH 30,Upper-level Spanish,Romance Languages & Lit,"Liander,Johanna Damgaard",9,0,0,1,0,0,0,2023,Spring,10
2761,SPANSH 30,Upper-level Spanish,Romance Languages & Lit,"Liander,Johanna Damgaard",10,1,0,0,0,0,0,2023,Spring,11
2762,SPANSH 30,Upper-level Spanish,Romance Languages & Lit,"Liander,Johanna Damgaard",12,0,0,1,0,0,0,2023,Spring,13
2763,SPANSH 40,Advanced Spanish Language I,Romance Languages & Lit,"Liander,Johanna Damgaard",12,0,0,1,0,0,0,2023,Spring,13
2764,SPANSH 40,Advanced Spanish Language I,Romance Languages & Lit,"Liander,Johanna Damgaard",16,0,0,0,0,0,0,2023,Spring,16
2765,SPANSH 40,Advanced Spanish Language I,Romance Languages & Lit,"Liander,Johanna Damgaard",11,0,0,0,0,0,0,2023,Spring,11
2766,SPANSH 40,Advanced Spanish Language I,Romance Languages & Lit,"Liander,Johanna Damgaard",14,0,0,0,0,0,0,2023,Spring,14
2767,SPANSH 50,Advanced Spanish II,Romance Languages & Lit,"Gutierrez,Adriana",13,0,0,0,0,0,0,2023,Spring,13
2768,SPANSH 50,Advanced Spanish II,Romance Languages & Lit,"Gutierrez,Adriana",9,0,0,0,0,0,0,2023,Spring,9
2769,SPANSH 50,Advanced Spanish II,Romance Languages & Lit,"Gutierrez,Adriana",12,0,0,0,0,0,0,2023,Spring,12
2770,SPANSH 50,Advanced Spanish II,Romance Languages & Lit,"Gutierrez,Adriana",10,0,0,0,0,0,0,2023,Spring,10
2771,SPANSH 59,Spanish and the Community,Romance Languages & Lit,"Parra-Velasco,Maria Luisa",13,0,0,2,0,0,0,2023,Spring,15
2772,SPANSH 59H,Spanish for Latino Students II,Romance Languages & Lit,"Parra-Velasco,Maria Luisa",17,0,0,0,0,0,0,2023,Spring,17
2773,SPANSH 61PH,Spanish for Public Health,Romance Languages & Lit,"Gutierrez,Adriana",15,0,0,1,0,0,0,2023,Spring,16
2774,SPANSH 61PH,Spanish for Public Health,Romance Languages & Lit,"Gutierrez,Adriana",11,0,0,2,0,0,0,2023,Spring,13
2775,SPANSH 61PH,Spanish for Public Health,Romance Languages & Lit,"Gutierrez,Adriana",12,0,0,1,0,0,0,2023,Spring,13
2776,SPANSH 61PH,Spanish for Public Health,Romance Languages & Lit,"Gutierrez,Adriana",15,0,0,0,0,0,0,2023,Spring,15
2777,SPANSH 80TS,Translating Boundaries in Spai,Romance Languages & Lit,"Aguirre-Oteiza,Daniel",10,0,0,0,0,0,0,2023,Spring,10
2778,SPANSH 81,Table Talk and Food Writing,Romance Languages & Lit,"Liander,Johanna Damgaard",19,0,0,0,0,0,0,2023,Spring,19
2779,SPANSH 99B,Tutorial - Senior Year,Romance Languages & Lit,"Parra-Velasco,Maria Luisa",1,0,0,0,0,0,0,2023,Spring,1
2811,SUDANESE 101BR,Advance Sudanese Arabic II,African & African Amer Studies,"Mugane,John M",0,1,0,0,0,0,0,2023,Spring,1
2812,SUDANESE AB,Elementary Sudanese Arabic,African & African Amer Studies,"Mugane,John M",0,0,0,2,0,0,0,2023,Spring,2
2813,SUDANESE BB,Sudanese Arabic,African & African Amer Studies,"Mugane,John M",0,1,0,0,0,0,0,2023,Spring,1
2814,SUMERIAN 120B,Intermediate Sumerian,Near Eastern Languages & Civ,"Barjamovic,Gojko",0,2,0,0,0,0,0,2023,Spring,2
2815,SUMERIAN AB,Introductory Sumerian II,Near Eastern Languages & Civ,"Barjamovic,Gojko",2,1,0,0,0,0,0,2023,Spring,3
2816,SWAHILI 101BR,Reading in Swahili II,African & African Amer Studies,"Mugane,John M",1,0,0,0,0,0,0,2023,Spring,1
2817,SWAHILI AB,Elementary Swahili,African & African Amer Studies,"Mugane,John M",8,0,0,1,0,0,0,2023,Spring,9
2818,SWAHILI BB,Intermediate Swahili,African & African Amer Studies,"Mugane,John M",4,0,1,2,0,0,0,2023,Spring,7
2819,SWEDISH 10B,Beginning Swedish Lang and Lit,Germanic Languages & Lit,"Broome,Agnes",6,0,0,0,0,0,0,2023,Spring,6
2820,SWEDISH 20B,Intermediate Swedish,Germanic Languages & Lit,"Broome,Agnes",1,1,0,0,0,0,0,2023,Spring,2
2821,SYRIAC AB,Elementary Syriac II,Near Eastern Languages & Civ,"Possekel,Ute",1,1,0,0,0,0,0,2023,Spring,2
2850,TAM 101B,Elementary Tamil,South Asian Studies,"Ripley,Jonathan Daniel",2,2,0,0,0,0,0,2023,Spring,4
2851,TAM 102B,Intermediate Tamil,South Asian Studies,"Ripley,Jonathan Daniel",1,0,0,0,0,0,0,2023,Spring,1
2852,TAM 103BR,Advanced Tamil,South Asian Studies,"Ripley,Jonathan Daniel",4,0,0,0,0,0,0,2023,Spring,4
2853,TAM 91R,Tamil Supervised Readings,South Asian Studies,"Ripley,Jonathan Daniel",1,1,0,0,0,0,0,2023,Spring,2
2880,TIBET 101B,Elementary Classical Tibetan,South Asian Studies,"van der Kuijp,Leonard Willem Johannes",0,1,0,3,0,0,0,2023,Spring,4
2881,TIBET 102B,Intermediate Classical Tibetan,South Asian Studies,"van der Kuijp,Leonard Willem Johannes",0,1,0,0,0,0,0,2023,Spring,1
2882,TIBET 104BR,Elementary Colloquial Tibetan,South Asian Studies,"Patil,Parimal G.",0,0,0,0,0,0,0,2023,Spring,0
2883,TIBET 105BR,Intermed Colloquial Tibetan,South Asian Studies,"Patil,Parimal G.",1,1,0,0,0,0,0,2023,Spring,2
2884,TIBET 238,Gser mdog Pa? chens Comment,South Asian Studies,"van der Kuijp,Leonard Willem Johannes",0,2,2,0,0,0,0,2023,Spring,4
2885,TIBET 239,Tibetan Medical Practice,South Asian Studies,"van der Kuijp,Leonard Willem Johannes",0,2,1,3,0,0,0,2023,Spring,6
2886,TIBET 300,Reading and Research,South Asian Studies,"van der Kuijp,Leonard Willem Johannes",0,1,0,0,0,0,0,2023,Spring,1
2887,TIBET 91R,Supervised Reading & Research,South Asian Studies,"van der Kuijp,Leonard Willem Johannes",0,2,0,0,0,0,0,2023,Spring,2
2888,TIGRINYA 101BR,Advanced Tigrinya II,African & African Amer Studies,"Mugane,John M",2,0,0,0,0,0,0,2023,Spring,2
2889,TIGRINYA AB,Elementary Tigrinya,African & African Amer Studies,"Mugane,John M",4,0,0,0,0,0,0,2023,Spring,4
2890,TIGRINYA BB,Intermediate Tigrinya,African & African Amer Studies,"Mugane,John M",2,0,0,0,0,0,0,2023,Spring,2
2891,TURKISH 120B,Intermediate Modern Turkish II,Near Eastern Languages & Civ,"Demir,Meryem",1,3,0,0,0,0,0,2023,Spring,4
2892,TURKISH 130B,Advanced Modern Turkish II,Near Eastern Languages & Civ,"Taskomur,Himmet",0,2,0,0,0,0,0,2023,Spring,2
2893,TURKISH 140B,Intro to Ottoman Turkish II,Near Eastern Languages & Civ,"Taskomur,Himmet",0,2,0,0,0,0,0,2023,Spring,2
2894,TURKISH 150B,Advanced Ottoman Turkish II,Near Eastern Languages & Civ,"Taskomur,Himmet",0,2,0,0,0,0,0,2023,Spring,2
2895,TURKISH 300,Turkish Languages/Literatures,Near Eastern Languages & Civ,"Taskomur,Himmet",0,1,0,0,0,0,0,2023,Spring,1
2896,TURKISH AB,Elementary Modern Turkish II,Near Eastern Languages & Civ,"Demir,Meryem",0,3,0,2,0,0,0,2023,Spring,5
2897,TWI 101BR,Reading in Twi II,African & African Amer Studies,"Mugane,John M",0,0,0,0,0,0,0,2023,Spring,0
2898,TWI AB,Elementary Twi,African & African Amer Studies,"Mugane,John M",6,0,1,1,0,0,0,2023,Spring,8
2899,TWI BB,Intermediate Twi,African & African Amer Studies,"Mugane,John M",3,0,0,0,0,0,0,2023,Spring,3
2900,UKRA AA,Elementary Ukrainian I,Slavic Languages & Literatures,"Dibrova,Volodymyr",2,0,0,0,0,0,0,2023,Spring,2
2901,UKRA AB,Elementary Ukrainian II,Slavic Languages & Literatures,"Dibrova,Volodymyr",0,0,0,0,0,0,0,2023,Spring,0
2902,UKRA BR,Intermediate Ukrainian,Slavic Languages & Literatures,"Dibrova,Volodymyr",1,3,0,1,0,0,0,2023,Spring,5
2903,UKRA CR,Advanced Ukrainian,Slavic Languages & Literatures,"Dibrova,Volodymyr",0,3,0,1,0,0,0,2023,Spring,4
2905,UYGHUR B,Elementary Uyghur,East Asian Langs & Civ,"Gulina,Aizezi",1,2,0,0,0,0,0,2023,Spring,3
2906,VIETNAM 120B,Intermediate Vietnamese,East Asian Langs & Civ,"Le,Hoa",5,0,0,2,0,0,0,2023,Spring,7
2907,VIETNAM 140B,Advanced-High Vietnamese,East Asian Langs & Civ,"Le,Hoa",2,0,0,1,0,0,0,2023,Spring,3
2908,VIETNAM 300,Reading and Research,East Asian Langs & Civ,"Le,Hoa",1,0,0,0,0,0,0,2023,Spring,1
2909,VIETNAM BB,Elementary Vietnamese,East Asian Langs & Civ,"Le,Hoa",5,1,0,2,0,0,0,2023,Spring,8
2923,WELSH 225B,Medieval Welsh Poetry,Celtic Languages & Literatures,"McKenna,Catherine",1,5,0,0,0,0,0,2023,Spring,6
2924,WOLOF 101BR,Advanced Wolof II,African & African Amer Studies,"Mugane,John M",0,1,0,0,0,0,0,2023,Spring,1
2925,WOLOF AB,Elementary Wolof,African & African Amer Studies,"Mugane,John M",0,1,0,1,0,0,0,2023,Spring,2
2926,WOLOF BB,Intermediate Wolof,African & African Amer Studies,"Mugane,John M",0,1,0,0,0,0,0,2023,Spring,1
2939,WSTAFRCN AB,Elementary West African Pidgin,African & African Amer Studies,"Mugane,John M",27,0,0,0,0,0,0,2023,Spring,27
2940,WSTAFRCN BB,Intermediate West African Pidg,African & African Amer Studies,"Mugane,John M",5,0,0,0,0,0,0,2023,Spring,5
2941,YIDDISH AB,Elementary Yiddish II,Near Eastern Languages & Civ,"Feldman,Sara",1,0,0,1,0,0,0,2023,Spring,2
2942,YIDDISH BB,Intermediate Yiddish II,Near Eastern Languages & Civ,"Feldman,Sara",1,0,0,2,0,0,0,2023,Spring,3
2943,YIDDISH CA,Advanced Yiddish I,Near Eastern Languages & Civ,"Feldman,Sara",2,0,0,0,0,0,0,2023,Spring,2
2944,YORUBA 101BR,Reading in Yoruba II,African & African Amer Studies,"Mugane,John M",3,0,0,0,0,0,0,2023,Spring,3
2945,YORUBA AB,Elementary Yoruba,African & African Amer Studies,"Mugane,John M",7,0,0,2,0,0,0,2023,Spring,9
2946,YORUBA BB,Intermediate Yoruba,African & African Amer Studies,"Mugane,John M",5,0,0,1,0,0,0,2023,Spring,6
2947,ZULU AB,Elementary Zulu,African & African Amer Studies,"Mugane,John M",48,0,0,0,0,0,0,2023,Spring,48
2948,ZULU BB,Intermediate Zulu,African & African Amer Studies,"Mugane,John M",1,0,0,0,0,0,0,2023,Spring,1
29,AFRIKAAN AA,Elementary Afrikaans,African & African Amer Studies,"Mugane,John M",7,0,0,0,0,0,0,2023,Fall,7
65,AKKAD 120R,Intermediate Akkadian,Near Eastern Languages & Civ,"Barjamovic,Gojko",1,1,0,0,0,0,0,2023,Fall,2
66,AKKAD AA,Introductory Akkadian I,Near Eastern Languages & Civ,"Barjamovic,Gojko",2,1,0,1,0,0,0,2023,Fall,4
67,ALBANIAN BA,Intermediate Modern Albanian I,Near Eastern Languages & Civ,"Uthman,Nader",1,2,0,1,0,1,0,2023,Fall,5
68,AMHARIC 101AR,Advanced Amharic,African & African Amer Studies,"Mugane,John M",4,0,0,4,0,0,0,2023,Fall,8
69,AMHARIC AA,Elementary Amharic,African & African Amer Studies,"Mugane,John M",12,0,0,2,0,0,0,2023,Fall,14
70,AMHARIC BA,Intermediate Amharic,African & African Amer Studies,"Mugane,John M",2,0,0,3,0,0,0,2023,Fall,5
176,ARABIC 130A,Upper-Level Classical Arabic I,Near Eastern Languages & Civ,"Habib,Muhammad Ahmad",2,2,0,0,0,0,0,2023,Fall,4
177,ARABIC 131A,Upper-Level Modern Arabic l,Near Eastern Languages & Civ,"Habib,Muhammad Ahmad",1,1,0,1,0,0,0,2023,Fall,3
178,ARABIC 131A,Upper-Level Modern Arabic l,Near Eastern Languages & Civ,"Madi,Amr Abdelhadi Elsayed",2,3,0,0,0,0,0,2023,Fall,5
179,ARABIC 131A,Upper-Level Modern Arabic l,Near Eastern Languages & Civ,"Halaby,Gregory",2,0,0,0,0,0,0,2023,Fall,2
180,ARABIC 150R,Travel and Autobiography,Near Eastern Languages & Civ,"Nasser,Shady Hekmat",1,1,0,0,0,0,0,2023,Fall,2
181,ARABIC 211,Readings in Contemporary Arabi,Near Eastern Languages & Civ,"Uthman,Nader",1,0,0,0,0,0,0,2023,Fall,1
182,ARABIC 211,Readings in Contemporary Arabi,Near Eastern Languages & Civ,"Malhas,Dana Ahmad Atef",0,1,0,0,0,0,0,2023,Fall,1
183,ARABIC 241AR,Advanced Modern Arabic Bridge,Near Eastern Languages & Civ,"Uthman,Nader",5,1,0,2,0,0,0,2023,Fall,8
184,ARABIC 242AR,Arabic Five,Near Eastern Languages & Civ,"Madi,Amr Abdelhadi Elsayed",3,0,1,0,0,0,0,2023,Fall,4
185,ARABIC 243BR,Intro to Rational Sciences,Near Eastern Languages & Civ,"El-Rouayheb,Khaled",0,1,0,2,0,0,0,2023,Fall,3
186,ARABIC 245R,Classic Arabic Literature Sem,Near Eastern Languages & Civ,"Nasser,Shady Hekmat",0,3,0,1,0,0,0,2023,Fall,4
187,ARABIC 300,Reading/Research in Arabic,Near Eastern Languages & Civ,"Uthman,Nader",0,0,0,0,0,0,0,2023,Fall,0
188,ARABIC 300,Reading/Research in Arabic,Near Eastern Languages & Civ,"Madi,Amr Abdelhadi Elsayed",1,0,0,0,0,0,0,2023,Fall,1
189,ARABIC AA,Elementary Arabic I,Near Eastern Languages & Civ,"Malhas,Dana Ahmad Atef",8,3,0,0,0,0,0,2023,Fall,11
190,ARABIC AA,Elementary Arabic I,Near Eastern Languages & Civ,"Cozzens,Richard",4,1,0,0,0,0,0,2023,Fall,5
191,ARABIC AA,Elementary Arabic I,Near Eastern Languages & Civ,"Malhas,Dana Ahmad Atef",5,0,1,0,0,0,0,2023,Fall,6
192,ARABIC AA,Elementary Arabic I,Near Eastern Languages & Civ,"Cozzens,Richard",11,0,0,0,0,0,0,2023,Fall,11
193,ARABIC AA,Elementary Arabic I,Near Eastern Languages & Civ,"Cozzens,Richard",7,1,0,1,0,0,0,2023,Fall,9
194,ARABIC BA,Intermediate Arabic I,Near Eastern Languages & Civ,"Madi,Amr Abdelhadi Elsayed",9,6,0,0,0,0,0,2023,Fall,15
195,ARABIC BA,Intermediate Arabic I,Near Eastern Languages & Civ,"Malhas,Dana Ahmad Atef",4,1,0,0,0,0,0,2023,Fall,5
196,ARABIC BA,Intermediate Arabic I,Near Eastern Languages & Civ,"Halaby,Gregory",4,0,0,0,0,0,0,2023,Fall,4
197,ARMEN AA,Elem Modern Western Armenian I,Near Eastern Languages & Civ,"Gulesserian,Lisa",0,1,0,0,0,0,0,2023,Fall,1
198,ARMEN BA,Int. Modern Western Armenian I,Near Eastern Languages & Civ,"Gulesserian,Lisa",1,0,0,0,0,0,0,2023,Fall,1
199,ARMENST 201,Threads of Survival,Near Eastern Languages & Civ,"Maranci,Christina",0,0,0,0,0,0,0,2023,Fall,0
285,BCS AA,Elementary BCS I,Slavic Languages & Literatures,"Kuzmic,Tatiana",3,1,0,3,0,0,0,2023,Fall,7
286,BCS BA,Intermediate BCS I,Slavic Languages & Literatures,"Kuzmic,Tatiana",2,0,0,3,0,0,0,2023,Fall,5
287,BCS CR,Advanced BCS,Slavic Languages & Literatures,"Kuzmic,Tatiana",0,1,0,0,0,0,0,2023,Fall,1
291,BI 101A,Beginning Indonesian,South Asian Studies,"Suryani,Sakti",2,1,0,0,0,0,0,2023,Fall,3
292,BI 102A,Intermediate Indonesian,South Asian Studies,"Suryani,Sakti",0,0,0,0,0,0,0,2023,Fall,0
293,BI 103A,Advanced Indonesian,South Asian Studies,"Suryani,Sakti",0,0,0,1,0,0,0,2023,Fall,1
386,CATALAN 10,Introduction to Catalan,Romance Languages & Lit,"Obis Monne,Aina",1,1,0,0,0,0,0,2023,Fall,2
491,CHNSE 106A,Intro to Literary Chinese,East Asian Langs & Civ,"Sena,David M",5,3,0,4,0,0,0,2023,Fall,12
492,CHNSE 107A,Intermediate Literary Chinese,East Asian Langs & Civ,"Sena,David M",0,3,0,2,0,0,0,2023,Fall,5
493,CHNSE 107A,Intermediate Literary Chinese,East Asian Langs & Civ,"Sena,David M",0,4,0,1,0,0,0,2023,Fall,5
494,CHNSE 120A,Intermediate Modern Chinese,East Asian Langs & Civ,"Wang,Ying-Chieh",13,1,0,0,0,0,0,2023,Fall,14
495,CHNSE 120A,Intermediate Modern Chinese,East Asian Langs & Civ,"Wang,Ying-Chieh",11,1,0,0,0,0,0,2023,Fall,12
496,CHNSE 120A,Intermediate Modern Chinese,East Asian Langs & Civ,"Wang,Ying-Chieh",9,0,0,2,0,0,0,2023,Fall,11
497,CHNSE 130A,Pre-Advanced Modern Chinese,East Asian Langs & Civ,"Yang,Bin",20,0,0,0,0,0,0,2023,Fall,20
498,CHNSE 130A,Pre-Advanced Modern Chinese,East Asian Langs & Civ,"Yang,Bin",10,0,0,0,0,1,0,2023,Fall,11
499,CHNSE 130A,Pre-Advanced Modern Chinese,East Asian Langs & Civ,"Yang,Bin",9,0,0,1,0,0,0,2023,Fall,10
500,CHNSE 130XA,Pre-Adv Mod Chin for High-Prof,East Asian Langs & Civ,"Yang,Shunan",9,0,0,0,0,0,0,2023,Fall,9
501,CHNSE 130XA,Pre-Adv Mod Chin for High-Prof,East Asian Langs & Civ,"Yang,Shunan",8,1,0,1,0,0,0,2023,Fall,10
502,CHNSE 140A,Advanced Modern Chinese,East Asian Langs & Civ,"Chen,Xiaocheng",4,1,0,1,0,0,0,2023,Fall,6
503,CHNSE 140A,Advanced Modern Chinese,East Asian Langs & Civ,"Chen,Xiaocheng",8,0,0,0,0,0,0,2023,Fall,8
504,CHNSE 140XA,Adv Mod Chin for High-Prof,East Asian Langs & Civ,"Yu,Xiaoshi",7,1,0,0,0,0,0,2023,Fall,8
505,CHNSE 140XA,Adv Mod Chin for High-Prof,East Asian Langs & Civ,"Yu,Xiaoshi",12,0,0,0,0,0,0,2023,Fall,12
506,CHNSE 142A,Advanced Conversational Chines,East Asian Langs & Civ,"Cai,Jing",2,0,0,0,0,0,0,2023,Fall,2
507,CHNSE 150A,Reads & Disc in Acad Prof Chin,East Asian Langs & Civ,"Cai,Jing",3,0,0,0,0,0,0,2023,Fall,3
508,CHNSE 166R,Chinese in the Humanities,East Asian Langs & Civ,"Liu,Jennifer Li-Chia",5,0,0,0,0,0,0,2023,Fall,5
509,CHNSE 300,Reading and Research,East Asian Langs & Civ,"Elliott,Mark C.",0,1,0,0,0,0,0,2023,Fall,1
510,CHNSE 300,Reading and Research,East Asian Langs & Civ,"Kelly,Thomas Patrick",0,1,0,0,0,0,0,2023,Fall,1
511,CHNSE 300,Reading and Research,East Asian Langs & Civ,"Puett,Michael J.",0,1,0,0,0,0,0,2023,Fall,1
512,CHNSE BA,Elementary Modern Chinese,East Asian Langs & Civ,"Zhang,Fangzheng",7,0,0,0,0,0,0,2023,Fall,7
513,CHNSE BA,Elementary Modern Chinese,East Asian Langs & Civ,"Zhang,Fangzheng",10,1,0,1,0,0,0,2023,Fall,12
514,CHNSE BA,Elementary Modern Chinese,East Asian Langs & Civ,"Zhang,Fangzheng",23,0,0,1,0,0,0,2023,Fall,24
515,CHNSE BA,Elementary Modern Chinese,East Asian Langs & Civ,"Zhang,Fangzheng",9,1,0,0,0,0,0,2023,Fall,10
516,CHNSE BA,Elementary Modern Chinese,East Asian Langs & Civ,"Zhang,Fangzheng",20,0,0,0,0,0,0,2023,Fall,20
517,CHNSE BA,Elementary Modern Chinese,East Asian Langs & Civ,"Zhang,Fangzheng",7,1,0,0,0,0,0,2023,Fall,8
518,CHNSE BX,Elem Chinese for Adv Beginners,East Asian Langs & Civ,"Du,Landon (Yuxiao)",8,2,0,1,0,0,0,2023,Fall,11
519,CHNSE BX,Elem Chinese for Adv Beginners,East Asian Langs & Civ,"Du,Landon (Yuxiao)",18,1,0,0,0,0,0,2023,Fall,19
520,CHNSE BX,Elem Chinese for Adv Beginners,East Asian Langs & Civ,"Du,Landon (Yuxiao)",14,0,0,0,0,0,0,2023,Fall,14
527,CLAS-HEB 138,Historical Hebrew,Near Eastern Languages & Civ,"Teeter,Andrew",0,3,0,0,0,0,0,2023,Fall,3
528,CLAS-HEB AA,Elementary Classical Hebrew I,Near Eastern Languages & Civ,"Teeter,Andrew",4,0,0,0,0,0,0,2023,Fall,4
664,CZCH AA,Elementary Czech I,Slavic Languages & Literatures,"Tuckerova,Veronika",1,0,0,0,0,0,0,2023,Fall,1
665,CZCH BA,Intermediate Czech I,Slavic Languages & Literatures,"Tuckerova,Veronika",3,0,0,0,0,0,0,2023,Fall,3
666,CZCH CR,Advanced Czech,Slavic Languages & Literatures,"Tuckerova,Veronika",3,2,0,0,0,0,0,2023,Fall,5
857,EGYPTARB AA,Elementary Egyptian Arabic,African & African Amer Studies,"Mugane,John M",2,0,0,0,0,0,0,2023,Fall,2
858,EGYPTARB BA,Intermediate Egyptian Arabic,African & African Amer Studies,"Mugane,John M",0,1,0,1,0,0,0,2023,Fall,2
859,EGYPTIAN 150,Voices from the Nile,Near Eastern Languages & Civ,"Manuelian,Peter Der",1,0,0,0,0,0,1,2023,Fall,0
860,EGYPTIAN 200,Egyptian Text Reading,Near Eastern Languages & Civ,"Manuelian,Peter Der",0,2,0,0,0,0,0,2023,Fall,2
861,EGYPTIAN 227,Critical Readings: Egyptology,Near Eastern Languages & Civ,"Manuelian,Peter Der",1,2,0,0,0,0,0,2023,Fall,3
862,EGYPTIAN 300,Egyptian Text-Reading,Near Eastern Languages & Civ,"Manuelian,Peter Der",0,0,0,0,0,0,0,2023,Fall,0
863,EGYPTIAN AA,The Language of the Pharaohs,Near Eastern Languages & Civ,"Manuelian,Peter Der",4,0,0,0,0,0,0,2023,Fall,4
1129,FRENCH 10,Beginning French I,Romance Languages & Lit,"Mills,Nicole",14,0,0,1,0,0,0,2023,Fall,15
1130,FRENCH 10,Beginning French I,Romance Languages & Lit,"Mills,Nicole",8,0,0,1,0,0,0,2023,Fall,9
1131,FRENCH 10,Beginning French I,Romance Languages & Lit,"Mills,Nicole",5,0,0,1,0,0,0,2023,Fall,6
1132,FRENCH 10,Beginning French I,Romance Languages & Lit,"Mills,Nicole",8,0,0,0,0,0,0,2023,Fall,8
1133,FRENCH 11,Beginning French II,Romance Languages & Lit,"Mills,Nicole",9,0,0,0,0,0,0,2023,Fall,9
1134,FRENCH 11,Beginning French II,Romance Languages & Lit,"Mills,Nicole",4,0,0,1,0,0,0,2023,Fall,5
1135,FRENCH 117,"Politics, Aesthetics of Mourn",Romance Languages & Lit,"Rodriguez,Matthew Elbert",3,3,0,0,0,0,0,2023,Fall,6
1136,FRENCH 135,Under the Table/Sous la Table,Romance Languages & Lit,"Beizer,Janet L.",3,1,0,2,0,0,0,2023,Fall,6
1137,FRENCH 137,Horror in Mod French Fiction,Romance Languages & Lit,"Rodriguez,Matthew Elbert",12,0,0,2,0,0,0,2023,Fall,14
1138,FRENCH 16,Reading French for Research,Romance Languages & Lit,"Mills,Nicole",1,4,0,1,0,0,0,2023,Fall,6
1139,FRENCH 20,Intermediate French,Romance Languages & Lit,"Turman,Karen",16,0,0,0,0,0,0,2023,Fall,16
1140,FRENCH 20,Intermediate French,Romance Languages & Lit,"Turman,Karen",12,0,0,4,0,0,0,2023,Fall,16
1141,FRENCH 20,Intermediate French,Romance Languages & Lit,"Turman,Karen",11,0,0,0,0,0,0,2023,Fall,11
1142,FRENCH 250,Urban Cannibals: Les Mystères,Romance Languages & Lit,"Beizer,Janet L.",0,1,0,0,0,0,0,2023,Fall,1
1143,FRENCH 30,Upper-level French,Romance Languages & Lit,"Brisson,Claire-Marie",6,0,0,2,0,0,0,2023,Fall,8
1144,FRENCH 30,Upper-level French,Romance Languages & Lit,"Brisson,Claire-Marie",16,0,0,0,0,0,0,2023,Fall,16
1145,FRENCH 30,Upper-level French,Romance Languages & Lit,"Brisson,Claire-Marie",7,1,0,0,0,0,0,2023,Fall,8
1146,FRENCH 330,Doctoral Dissertations,Romance Languages & Lit,"Beizer,Janet L.",0,1,0,0,0,0,0,2023,Fall,1
1147,FRENCH 330,Doctoral Dissertations,Romance Languages & Lit,"Conley,Tom",0,1,0,0,0,0,0,2023,Fall,1
1148,FRENCH 40,Advanced French I,Romance Languages & Lit,"Brisson,Claire-Marie",12,0,0,1,0,0,0,2023,Fall,13
1149,FRENCH 40,Advanced French I,Romance Languages & Lit,"Brisson,Claire-Marie",9,1,0,1,0,0,0,2023,Fall,11
1150,FRENCH 50,Advanced French II,Romance Languages & Lit,"Turman,Karen",9,1,0,0,0,0,0,2023,Fall,10
1151,FRENCH 50,Advanced French II,Romance Languages & Lit,"Turman,Karen",10,0,0,0,0,0,0,2023,Fall,10
1152,FRENCH 64,French Lang in North America,Romance Languages & Lit,"Brisson,Claire-Marie",6,0,0,0,0,0,0,2023,Fall,6
1153,FRENCH 64,French Lang in North America,Romance Languages & Lit,"Brisson,Claire-Marie",5,0,0,1,0,0,0,2023,Fall,6
1154,FRENCH 86,Mother Dearest,Romance Languages & Lit,"Kim,Annabel",20,3,0,0,0,0,0,2023,Fall,23
1155,FRENCH 91R,Supervised Reading and Researc,Romance Languages & Lit,"Kim,Annabel",1,0,0,0,0,0,0,2023,Fall,1
1156,FRENCH 99A,Tutorial - Senior Year,Romance Languages & Lit,"Richman,Kathy A.",1,0,0,0,0,0,0,2023,Fall,1
1157,FT 101A,Elementary Filipino I,South Asian Studies,"Orsal,Lady Aileen",11,1,0,1,0,0,0,2023,Fall,13
1158,FT 102A,Intermediate Filipino I,South Asian Studies,"Orsal,Lady Aileen",2,0,0,0,0,0,0,2023,Fall,2
1228,GEEZ BA,Intermediate Geez,African & African Amer Studies,"Mugane,John M",1,0,0,1,0,0,0,2023,Fall,2
1301,GERMAN 10A,Beginning German,Germanic Languages & Lit,"Parkes,Lisa",6,0,0,0,0,0,0,2023,Fall,6
1302,GERMAN 10A,Beginning German,Germanic Languages & Lit,"Parkes,Lisa",4,0,0,1,0,0,0,2023,Fall,5
1303,GERMAN 10A,Beginning German,Germanic Languages & Lit,"Parkes,Lisa",6,1,0,0,0,0,0,2023,Fall,7
1304,GERMAN 10A,Beginning German,Germanic Languages & Lit,"Parkes,Lisa",3,0,0,0,0,0,0,2023,Fall,3
1305,GERMAN 10AB,Beginning German (Intensive),Germanic Languages & Lit,"Parkes,Lisa",11,2,0,1,0,0,0,2023,Fall,14
1306,GERMAN 115,Deutsche Komödie,Germanic Languages & Lit,"Parkes,Lisa",4,0,0,0,0,1,0,2023,Fall,5
1307,GERMAN 126,Fairy Tales,Germanic Languages & Lit,"Pirozhenko,Ekaterina Petrovna",2,0,0,0,0,0,0,2023,Fall,2
1308,GERMAN 140,German Social Thought,Germanic Languages & Lit,"Gordon,Peter E.",6,1,0,0,0,0,0,2023,Fall,7
1309,GERMAN 154,The Frankfurt School,Germanic Languages & Lit,"Rentschler,Eric",3,1,0,0,0,0,0,2023,Fall,4
1310,GERMAN 188,"Angst, Sex, and Dreams",Germanic Languages & Lit,"Stewart,William Joseph",9,2,0,0,0,0,0,2023,Fall,11
1311,GERMAN 199,Freedom: Transatlantic Affair,Germanic Languages & Lit,"Carranza,Daniel",4,1,0,0,0,0,0,2023,Fall,5
1312,GERMAN 20A,Intermediate German,Germanic Languages & Lit,"Parkes,Lisa",4,2,0,0,0,0,0,2023,Fall,6
1313,GERMAN 20A,Intermediate German,Germanic Languages & Lit,"Parkes,Lisa",12,1,0,0,0,0,0,2023,Fall,13
1314,GERMAN 20AB,Intermediate German: Intensive,Germanic Languages & Lit,"Parkes,Lisa",3,1,0,0,0,0,0,2023,Fall,4
1315,GERMAN 20B,Intermediate German,Germanic Languages & Lit,"Parkes,Lisa",2,1,0,0,0,0,0,2023,Fall,3
1316,GERMAN 229,Goethe's Novels,Germanic Languages & Lit,"Carranza,Daniel",0,3,0,0,0,0,0,2023,Fall,3
1317,GERMAN 291,Questions of Theory,Germanic Languages & Lit,"Suetterlin,Nicole",0,5,0,1,0,0,0,2023,Fall,6
1318,GERMAN 300,Dissertation,Germanic Languages & Lit,"Hamilton,John T.",0,1,0,0,0,0,0,2023,Fall,1
1319,GERMAN 300,Dissertation,Germanic Languages & Lit,"Burgard,Peter J.",0,2,0,0,0,0,0,2023,Fall,2
1320,GERMAN 310,Teaching,Germanic Languages & Lit,"Carranza,Daniel",0,4,0,0,0,0,0,2023,Fall,4
1321,GERMAN 61,Advanced Grammar and Reading,Germanic Languages & Lit,"Dymek,Anne",7,0,0,1,0,0,0,2023,Fall,8
1322,GERMAN 61,Advanced Grammar and Reading,Germanic Languages & Lit,"Dymek,Anne",8,0,0,0,0,0,0,2023,Fall,8
1323,GERMAN 90R,Dutch,Germanic Languages & Lit,"Parkes,Lisa",1,1,0,0,0,0,0,2023,Fall,2
1324,GERMAN 90R,Dutch,Germanic Languages & Lit,"Parkes,Lisa",1,0,0,0,0,0,0,2023,Fall,1
1325,GERMAN 99A,Tutorial - Senior Year,Germanic Languages & Lit,"Parkes,Lisa",2,0,0,0,0,0,0,2023,Fall,2
1326,GERMAN AX,German for Reading Knowledge,Germanic Languages & Lit,"Stewart,William Joseph",1,2,0,0,0,0,0,2023,Fall,3
1400,GREEK 1,Introductory Ancient Greek 1,"Classics, The","Livingston,Ivy",11,0,0,0,0,0,0,2023,Fall,11
1401,GREEK 10,Intro. to Ancient Greek Lit.,"Classics, The","Livingston,Ivy",0,2,0,0,0,0,0,2023,Fall,2
1402,GREEK 104,Herodotus,"Classics, The","Rau,Jeremy",5,1,0,0,0,0,0,2023,Fall,6
1403,GREEK 129,Euripides' Bacchae,"Classics, The","Weiss,Naomi A",5,1,1,0,0,0,0,2023,Fall,7
1404,GREEK 3,Introductory Ancient Greek 3,"Classics, The","Livingston,Ivy",8,2,0,0,0,0,0,2023,Fall,10
1405,GRGN AR,Elementary Georgian,Slavic Languages & Literatures,"Clancy,Steven",0,1,0,1,0,0,0,2023,Fall,2
1406,GRGN BR,Intermediate Georgian,Slavic Languages & Literatures,"Clancy,Steven",0,1,0,0,0,0,0,2023,Fall,1
1407,GULLAH AA,Elementary Gullah,African & African Amer Studies,"Mugane,John M",9,0,0,0,0,0,0,2023,Fall,9
1455,HAITIAN AA,Elementary Haitian Creole,African & African Amer Studies,"Mugane,John M",4,1,0,0,0,0,0,2023,Fall,5
1509,HEBREW 131,The Book of Daniel,Near Eastern Languages & Civ,"Teeter,Andrew",0,3,0,0,0,0,0,2023,Fall,3
1510,HEBREW 235,The Binding of Isaac (Aqedah),Near Eastern Languages & Civ,"Levenson,Jon D.",0,3,0,0,0,0,0,2023,Fall,3
1511,HIND-URD 101A,Introductory Hindi-Urdu,South Asian Studies,"Delacy,Richard Somers",33,1,0,1,0,0,0,2023,Fall,35
1512,HIND-URD 101A,Introductory Hindi-Urdu,South Asian Studies,"Kovacs,Hajnalka",3,0,0,3,0,0,0,2023,Fall,6
1513,HIND-URD 102A,Intermediate Hindi-Urdu,South Asian Studies,"Kovacs,Hajnalka",1,1,0,1,0,0,0,2023,Fall,3
1514,HIND-URD 103AR,Advanced Hindi-Urdu,South Asian Studies,"Delacy,Richard Somers",3,0,0,1,0,0,0,2023,Fall,4
1515,HIND-URD 105R,Topics in Hindi-Urdu Literatur,South Asian Studies,"Delacy,Richard Somers",0,0,0,1,0,0,0,2023,Fall,1
1516,HIND-URD 91R,Hindi-Urdu Supervised Readings,South Asian Studies,"Delacy,Richard Somers",4,0,0,0,0,0,0,2023,Fall,4
1683,IGBO 101AR,Advanced Igbo,African & African Amer Studies,"Mugane,John M",2,0,0,1,0,0,0,2023,Fall,3
1684,IGBO AA,Elementary Igbo,African & African Amer Studies,"Mugane,John M",10,0,0,1,0,0,0,2023,Fall,11
1725,IRISH 132,Introduction to Modern Irish,Celtic Languages & Literatures,"McKenna,Catherine",3,2,0,0,0,0,0,2023,Fall,5
1726,IRISH 160R,Advanced Modern Irish,Celtic Languages & Literatures,"McKenna,Catherine",2,2,0,0,0,0,0,2023,Fall,4
1727,IRISH 200,Introduction to Old Irish,Celtic Languages & Literatures,"Nagy,Joseph F",1,3,0,0,0,0,0,2023,Fall,4
1729,ITAL 10,Beginning Italian I,Romance Languages & Lit,"Trebaiocchi,Chiara",7,0,0,1,0,0,0,2023,Fall,8
1730,ITAL 10,Beginning Italian I,Romance Languages & Lit,"Trebaiocchi,Chiara",9,0,0,0,0,0,0,2023,Fall,9
1731,ITAL 10,Beginning Italian I,Romance Languages & Lit,"Trebaiocchi,Chiara",11,0,0,1,0,0,1,2023,Fall,11
1732,ITAL 11,Beginning Italian II,Romance Languages & Lit,"Trebaiocchi,Chiara",5,2,0,0,0,0,0,2023,Fall,7
1733,ITAL 138,Cosmos of the Divine Comedy,Romance Languages & Lit,"Camozzi Pistoja,Ambrogio",20,3,0,1,0,0,0,2023,Fall,24
1734,ITAL 141,The Meaning of Epic,Romance Languages & Lit,"Erspamer,Francesco",3,1,0,0,0,0,0,2023,Fall,4
1735,ITAL 15,Intensive Beginning Italian,Romance Languages & Lit,"Trebaiocchi,Chiara",2,2,0,1,0,0,0,2023,Fall,5
1736,ITAL 16,Italian for Research,Romance Languages & Lit,"Trebaiocchi,Chiara",0,1,0,0,0,0,0,2023,Fall,1
1737,ITAL 162,What is Time?,Romance Languages & Lit,"Erspamer,Francesco",6,1,0,0,0,0,0,2023,Fall,7
1738,ITAL 20,Intermediate Italian,Romance Languages & Lit,"Trebaiocchi,Chiara",9,1,0,1,0,0,0,2023,Fall,11
1739,ITAL 232,Boccaccio's Other Works,Romance Languages & Lit,"Camozzi Pistoja,Ambrogio",0,2,0,0,0,0,0,2023,Fall,2
1740,ITAL 30,Upper-Level Italian,Romance Languages & Lit,"Trebaiocchi,Chiara",3,0,0,0,0,0,0,2023,Fall,3
1741,ITAL 40,Advanced Italian I,Romance Languages & Lit,"Trebaiocchi,Chiara",5,0,0,0,0,0,0,2023,Fall,5
1742,ITAL 50,Advanced Italian II,Romance Languages & Lit,"Trebaiocchi,Chiara",3,0,0,0,0,0,0,2023,Fall,3
1743,JAMAICAN AA,Elementary Jamaican Patois,African & African Amer Studies,"Mugane,John M",10,0,0,0,0,0,0,2023,Fall,10
1744,JAPAN 106A,Classical Japanese,East Asian Langs & Civ,"Truscott,Danica Marie",4,3,0,0,0,0,0,2023,Fall,7
1745,JAPAN 106B,Kambun,East Asian Langs & Civ,"Truscott,Danica Marie",1,1,0,0,0,0,0,2023,Fall,2
1746,JAPAN 120A,Intermediate Japanese I,East Asian Langs & Civ,"Takehara,Chikako",4,3,0,2,0,0,0,2023,Fall,9
1747,JAPAN 120A,Intermediate Japanese I,East Asian Langs & Civ,"Takehara,Chikako",8,3,0,0,0,0,0,2023,Fall,11
1748,JAPAN 120A,Intermediate Japanese I,East Asian Langs & Civ,"Takehara,Chikako",2,0,0,0,0,0,0,2023,Fall,2
1749,JAPAN 130A,Intermediate Japanese II,East Asian Langs & Civ,"Yagi,Mihoko",7,4,0,0,0,0,0,2023,Fall,11
1750,JAPAN 130A,Intermediate Japanese II,East Asian Langs & Civ,"Yagi,Mihoko",4,0,0,0,0,0,0,2023,Fall,4
1751,JAPAN 140A,Advanced Modern Japanese,East Asian Langs & Civ,"Asakura,Naomi",6,2,0,1,0,0,0,2023,Fall,9
1752,JAPAN 140A,Advanced Modern Japanese,East Asian Langs & Civ,"Asakura,Naomi",2,1,0,1,0,0,0,2023,Fall,4
1753,JAPAN 150A,Reads & Discus Jpn Soc Sci,East Asian Langs & Civ,"Asakura,Naomi",2,2,0,2,0,0,0,2023,Fall,6
1754,JAPAN 210A,Reading Scholarly Japanese,East Asian Langs & Civ,"Jacobsen,Wesley Mark",0,5,0,1,0,0,0,2023,Fall,6
1755,JAPAN 300,Reading and Research,East Asian Langs & Civ,"Howell,David L",0,1,0,0,0,0,0,2023,Fall,1
1756,JAPAN BA,Elementary Japanese,East Asian Langs & Civ,"Sakomura,Yuki",14,3,1,1,0,0,0,2023,Fall,19
1757,JAPAN BA,Elementary Japanese,East Asian Langs & Civ,"Sakomura,Yuki",8,1,0,1,0,0,0,2023,Fall,10
1758,JAPAN BA,Elementary Japanese,East Asian Langs & Civ,"Sakomura,Yuki",8,0,0,1,0,2,2,2023,Fall,9
1762,KOREAN 120A,Intermediate Korean,East Asian Langs & Civ,"Noh,Ahsil",11,0,0,0,0,0,0,2023,Fall,11
1763,KOREAN 130A,Pre-advanced Korean,East Asian Langs & Civ,"Kim,Hwanhee",7,2,0,1,0,0,0,2023,Fall,10
1764,KOREAN 130XA,Pre-Adv Mod Kor for High-Prof,East Asian Langs & Civ,"Oh,Kyoungwon",4,0,0,0,0,0,0,2023,Fall,4
1765,KOREAN 140A,Advanced Korean,East Asian Langs & Civ,"Noh,Ahsil",3,0,0,1,0,0,0,2023,Fall,4
1766,KOREAN 150A,Readings in Cultural Studies,East Asian Langs & Civ,"Oh,Kyoungwon",1,1,0,0,0,0,0,2023,Fall,2
1767,KOREAN 300,Reading and Research,East Asian Langs & Civ,"Eckert,Carter J.",0,1,0,0,0,0,0,2023,Fall,1
1768,KOREAN BA,Elementary Korean,East Asian Langs & Civ,"Kim,Hwanhee",21,1,0,2,0,1,0,2023,Fall,25
1769,KOREAN BA,Elementary Korean,East Asian Langs & Civ,"Kim,Hi-Sun Helen",15,0,0,1,0,0,0,2023,Fall,16
1770,KOREAN BA,Elementary Korean,East Asian Langs & Civ,"Kim,Hi-Sun Helen",7,2,0,1,0,0,0,2023,Fall,10
1771,KOREAN BX,Korean for Advanced Beginners,East Asian Langs & Civ,"Kim,Hi-Sun Helen",4,0,0,0,0,0,0,2023,Fall,4
1774,KURDISH AA,Elementary Kurdish I,Near Eastern Languages & Civ,"Uthman,Nader",1,2,0,0,0,0,0,2023,Fall,3
1775,LATIN 1,Introductory Latin 1,"Classics, The","Livingston,Ivy",5,0,0,1,0,0,0,2023,Fall,6
1776,LATIN 1,Introductory Latin 1,"Classics, The","Livingston,Ivy",11,1,0,1,0,0,1,2023,Fall,12
1777,LATIN 10,Intro. to Latin Literature,"Classics, The","Livingston,Ivy",5,1,0,0,0,0,0,2023,Fall,6
1778,LATIN 102,Catullus,"Classics, The","Philbrick,Rachel",10,0,0,0,0,0,0,2023,Fall,10
1779,LATIN 112A,Latin Lit.: Texts & Contexts,"Classics, The","Peirano Garrison,Irene",6,6,1,0,0,0,0,2023,Fall,13
1780,LATIN 129,Latin Inscriptions & Graffiti,"Classics, The","Coleman,Kathleen M.",9,4,0,0,0,0,0,2023,Fall,13
1781,LATIN 175,Syntax and Style,"Classics, The","Hudson,Jared M",2,2,0,0,0,0,0,2023,Fall,4
1782,LATIN 3,Introductory Latin 3,"Classics, The","Livingston,Ivy",10,1,0,0,0,0,0,2023,Fall,11
1816,MANCHU 210A,Intro to Sources for Manchu St,East Asian Langs & Civ,"Elliott,Mark C.",0,1,0,0,0,0,0,2023,Fall,1
1817,MANCHU A,Elementary Manchu,East Asian Langs & Civ,"Rabinovitch,Jack",0,1,0,0,0,0,0,2023,Fall,1
1997,MOD-HEB 120A,Intermediate Modern Hebrew I,Near Eastern Languages & Civ,"Bechor,Ran Teodor",0,0,0,1,0,0,0,2023,Fall,1
1998,MOD-HEB 130A,Advanced Modern Hebrew I,Near Eastern Languages & Civ,"Bechor,Ran Teodor",4,0,0,0,0,0,0,2023,Fall,4
1999,MOD-HEB BA,Elementary Modern Hebrew I,Near Eastern Languages & Civ,"Bechor,Ran Teodor",8,1,0,1,1,0,1,2023,Fall,10
2000,MODGRK 10,Intro to Modern Greek Texts,"Classics, The","Roilos,Panagiotis",3,0,0,1,0,0,0,2023,Fall,4
2001,MODGRK AA,Elementary Modern Greek,"Classics, The","Dourou,Calliopi Ioannis",8,0,0,3,0,0,0,2023,Fall,11
2002,MODGRK BA,Intermediate Modern Greek,"Classics, The","Roilos,Panagiotis",1,2,0,0,0,0,0,2023,Fall,3
2078,NEP 101A,Introductory Nepali,South Asian Studies,"Patil,Parimal G.",2,0,0,0,0,0,0,2023,Fall,2
2079,NEP 102A,Intermediate Nepali,South Asian Studies,"Patil,Parimal G.",1,0,0,1,0,0,0,2023,Fall,2
2080,NEP 103A,Advanced Nepali,South Asian Studies,"Patil,Parimal G.",3,0,0,0,0,0,0,2023,Fall,3
2081,NEP 104A,Readings in Modern Nepali Lit,South Asian Studies,"Patil,Parimal G.",2,0,0,0,0,0,0,2023,Fall,2
2197,OROMO AA,Elementary Oromo,African & African Amer Studies,"Mugane,John M",6,0,0,2,0,0,0,2023,Fall,8
2199,PERSIAN 108,Persian Sufi Literature,Near Eastern Languages & Civ,"Boylston,Nicholas John",6,0,0,1,0,0,0,2023,Fall,7
2200,PERSIAN 130AR,Advanced Persian I,Near Eastern Languages & Civ,"Ebrahimian,Mojtaba",1,1,0,0,0,0,0,2023,Fall,2
2201,PERSIAN 220,Fndns Classical Persian Poetry,Near Eastern Languages & Civ,"Boylston,Nicholas John",0,5,0,3,0,0,0,2023,Fall,8
2202,PERSIAN AA,Elementary Persian I,Near Eastern Languages & Civ,"Ebrahimian,Mojtaba",4,3,0,6,0,0,0,2023,Fall,13
2203,PERSIAN BA,Intermediate Persian I,Near Eastern Languages & Civ,"Ebrahimian,Mojtaba",1,3,0,1,0,1,0,2023,Fall,6
2357,PLSH AA,Elementary Polish I,Slavic Languages & Literatures,"Kovalchuk,Iryna",1,2,0,0,0,0,0,2023,Fall,3
2358,PLSH BA,Intermediate Polish I,Slavic Languages & Literatures,"Kovalchuk,Iryna",0,1,0,0,0,0,0,2023,Fall,1
2359,PLSH CR,Advanced Polish,Slavic Languages & Literatures,"Kovalchuk,Iryna",3,2,0,0,0,1,0,2023,Fall,6
2360,PORTUG 10,Beginning Portuguese I,Romance Languages & Lit,"Soares,Cristiane",7,0,0,1,0,0,0,2023,Fall,8
2361,PORTUG 10S,Portuguese for Spanish Spkrs I,Romance Languages & Lit,"Soares,Cristiane",6,2,0,2,0,0,0,2023,Fall,10
2362,PORTUG 10S,Portuguese for Spanish Spkrs I,Romance Languages & Lit,"Soares,Cristiane",6,0,0,2,0,0,0,2023,Fall,8
2363,PORTUG 11,Beginning Portuguese II,Romance Languages & Lit,"Soares,Cristiane",0,0,0,0,0,0,0,2023,Fall,0
2364,PORTUG 145,Transatlantic Africa and Brazi,Romance Languages & Lit,"Blackmore,Josiah",0,3,0,0,0,0,0,2023,Fall,3
2365,PORTUG 20,Intermediate Portuguese,Romance Languages & Lit,"Soares,Cristiane",5,1,0,1,0,0,0,2023,Fall,7
2366,PORTUG 264,Colonial Brazil,Romance Languages & Lit,"Blackmore,Josiah",0,1,0,0,0,0,0,2023,Fall,1
2367,PORTUG 30,Upper-Level Portuguese,Romance Languages & Lit,"Soares,Cristiane",3,1,0,0,0,0,0,2023,Fall,4
2368,PORTUG 330,Doctoral Dissertations,Romance Languages & Lit,"Carvalho,Bruno Martins",0,1,0,0,0,0,0,2023,Fall,1
2369,PORTUG 52,Advanced Portuguese II,Romance Languages & Lit,"Soares,Cristiane",4,0,0,1,0,0,0,2023,Fall,5
2471,PULAAR AA,Elementary Pulaar,African & African Amer Studies,"Mugane,John M",0,0,0,0,0,0,0,2023,Fall,0
2570,RUSS 101,Third-Year Russian I,Slavic Languages & Literatures,"Zalaltdinova,Liya",4,4,0,1,0,0,0,2023,Fall,9
2571,RUSS 101,Third-Year Russian I,Slavic Languages & Literatures,"Zalaltdinova,Liya",3,4,0,1,0,0,0,2023,Fall,8
2572,RUSS 113,Fourth-Year Russian,Slavic Languages & Literatures,"Mironava,Jenya",1,1,0,0,0,0,0,2023,Fall,2
2573,RUSS 114,Fourth-Year Russian,Slavic Languages & Literatures,"Zalaltdinova,Liya",3,4,0,1,0,0,0,2023,Fall,8
2574,RUSS 120R,Readings in Advanced Russian,Slavic Languages & Literatures,"Clancy,Steven",0,0,0,0,0,0,0,2023,Fall,0
2575,RUSS AA,Elementary Russian I,Slavic Languages & Literatures,"Clancy,Steven",0,0,0,0,0,0,0,2023,Fall,0
2576,RUSS AA,Elementary Russian I,Slavic Languages & Literatures,"Clancy,Steven",3,0,0,0,0,0,0,2023,Fall,3
2577,RUSS AA,Elementary Russian I,Slavic Languages & Literatures,"Clancy,Steven",6,0,0,0,0,0,0,2023,Fall,6
2578,RUSS AAB,Elementary Russian (Intensive),Slavic Languages & Literatures,"Pastushenkov,Dmitrii",4,2,1,1,0,0,0,2023,Fall,8
2579,RUSS BA,Intermediate Russian I,Slavic Languages & Literatures,"Clancy,Steven",6,2,0,0,0,0,0,2023,Fall,8
2580,RUSS BA,Intermediate Russian I,Slavic Languages & Literatures,"Clancy,Steven",1,2,0,1,0,0,0,2023,Fall,4
2581,SANSKRIT 101A,Elementary Sanskrit,South Asian Studies,"Cummins,Patrick",0,1,0,5,0,0,0,2023,Fall,6
2582,SANSKRIT 102AR,Intermediate Sanskrit I,South Asian Studies,"Patil,Parimal G.",0,2,0,3,0,0,0,2023,Fall,5
2583,SANSKRIT 200R,Advanced Poetic Sanskrit,South Asian Studies,"Cummins,Patrick",3,0,0,2,0,0,0,2023,Fall,5
2584,SANSKRIT 250R,Nth Year Sanskrit: Seminar,South Asian Studies,"Patil,Parimal G.",1,4,0,0,0,0,0,2023,Fall,5
2585,SANSKRIT 301,Reading and Research,South Asian Studies,"Patil,Parimal G.",0,1,0,0,0,0,0,2023,Fall,1
2586,SANSKRIT 310,Doctoral Dissertations,South Asian Studies,"Patil,Parimal G.",0,3,0,0,0,0,0,2023,Fall,3
2600,SCAND 90R.C,Norwegian,Germanic Languages & Lit,"Broome,Agnes",2,0,0,0,0,0,0,2023,Fall,2
2601,SCAND 90R.C,Norwegian,Germanic Languages & Lit,"Broome,Agnes",3,0,0,0,0,0,0,2023,Fall,3
2734,SOMALI AA,Elementary Somali,African & African Amer Studies,"Mugane,John M",5,0,0,0,0,0,0,2023,Fall,5
2735,SOMALI BA,Intermediate Somali,African & African Amer Studies,"Mugane,John M",1,1,0,1,0,0,0,2023,Fall,3
2736,SPANSH 10,Beginning Spanish I,Romance Languages & Lit,"Parra-Velasco,Maria Luisa",13,1,0,0,0,0,0,2023,Fall,14
2737,SPANSH 10,Beginning Spanish I,Romance Languages & Lit,"Parra-Velasco,Maria Luisa",9,0,0,1,0,0,0,2023,Fall,10
2738,SPANSH 10,Beginning Spanish I,Romance Languages & Lit,"Parra-Velasco,Maria Luisa",16,0,0,0,1,0,0,2023,Fall,17
2739,SPANSH 10,Beginning Spanish I,Romance Languages & Lit,"Parra-Velasco,Maria Luisa",13,1,0,1,0,0,0,2023,Fall,15
2740,SPANSH 10,Beginning Spanish I,Romance Languages & Lit,"Parra-Velasco,Maria Luisa",10,1,0,0,0,0,0,2023,Fall,11
2741,SPANSH 10,Beginning Spanish I,Romance Languages & Lit,"Parra-Velasco,Maria Luisa",14,1,0,0,0,0,0,2023,Fall,15
2742,SPANSH 10,Beginning Spanish I,Romance Languages & Lit,"Parra-Velasco,Maria Luisa",6,0,0,0,0,0,0,2023,Fall,6
2743,SPANSH 10,Beginning Spanish I,Romance Languages & Lit,"Parra-Velasco,Maria Luisa",8,0,0,1,0,0,0,2023,Fall,9
2744,SPANSH 10,Beginning Spanish I,Romance Languages & Lit,"Parra-Velasco,Maria Luisa",6,1,0,0,0,0,0,2023,Fall,7
2745,SPANSH 10,Beginning Spanish I,Romance Languages & Lit,"Parra-Velasco,Maria Luisa",13,1,0,0,0,0,0,2023,Fall,14
2746,SPANSH 107,Revolution/Counter-Revolution,Romance Languages & Lit,"Quintero Machler,Alejandro",3,2,0,0,0,0,1,2023,Fall,4
2747,SPANSH 11,Beginning Spanish II,Romance Languages & Lit,"Feliberty Casiano,Xiomara Hipolita",13,1,0,1,0,0,0,2023,Fall,15
2748,SPANSH 11,Beginning Spanish II,Romance Languages & Lit,"Feliberty Casiano,Xiomara Hipolita",12,0,0,0,0,0,0,2023,Fall,12
2749,SPANSH 11,Beginning Spanish II,Romance Languages & Lit,"Feliberty Casiano,Xiomara Hipolita",9,0,0,0,0,0,0,2023,Fall,9
2750,SPANSH 11,Beginning Spanish II,Romance Languages & Lit,"Feliberty Casiano,Xiomara Hipolita",12,0,0,0,0,0,1,2023,Fall,11
2751,SPANSH 11,Beginning Spanish II,Romance Languages & Lit,"Feliberty Casiano,Xiomara Hipolita",8,0,0,0,0,0,0,2023,Fall,8
2752,SPANSH 11,Beginning Spanish II,Romance Languages & Lit,"Feliberty Casiano,Xiomara Hipolita",15,0,0,0,0,0,0,2023,Fall,15
2753,SPANSH 11,Beginning Spanish II,Romance Languages & Lit,"Feliberty Casiano,Xiomara Hipolita",10,0,0,0,0,0,0,2023,Fall,10
2754,SPANSH 11,Beginning Spanish II,Romance Languages & Lit,"Feliberty Casiano,Xiomara Hipolita",11,0,0,0,0,0,0,2023,Fall,11
2755,SPANSH 118,Women Writers in Greater Mexic,Romance Languages & Lit,"Vela Martinez,Alejandra",22,3,0,1,0,0,1,2023,Fall,25
2756,SPANSH 15,Intensive Beginning Spanish,Romance Languages & Lit,"Feliberty Casiano,Xiomara Hipolita",7,0,0,1,0,0,0,2023,Fall,8
2757,SPANSH 186,Tobacco and Sugar,Romance Languages & Lit,"Sommer,Doris",6,3,0,0,0,0,0,2023,Fall,9
2758,SPANSH 20,Intermediate Spanish,Romance Languages & Lit,"Gutierrez,Adriana",11,1,0,0,0,0,0,2023,Fall,12
2759,SPANSH 20,Intermediate Spanish,Romance Languages & Lit,"Gutierrez,Adriana",11,0,0,0,0,0,0,2023,Fall,11
2760,SPANSH 20,Intermediate Spanish,Romance Languages & Lit,"Gutierrez,Adriana",12,0,0,0,0,0,0,2023,Fall,12
2761,SPANSH 20,Intermediate Spanish,Romance Languages & Lit,"Gutierrez,Adriana",12,0,0,0,0,0,0,2023,Fall,12
2762,SPANSH 20,Intermediate Spanish,Romance Languages & Lit,"Gutierrez,Adriana",8,0,0,0,0,0,0,2023,Fall,8
2763,SPANSH 20,Intermediate Spanish,Romance Languages & Lit,"Gutierrez,Adriana",10,0,0,1,0,0,0,2023,Fall,11
2764,SPANSH 20,Intermediate Spanish,Romance Languages & Lit,"Gutierrez,Adriana",12,0,0,1,0,0,0,2023,Fall,13
2765,SPANSH 20,Intermediate Spanish,Romance Languages & Lit,"Gutierrez,Adriana",6,0,0,0,0,0,0,2023,Fall,6
2766,SPANSH 216,The Dangers of Femininity,Romance Languages & Lit,"Vela Martinez,Alejandra",4,1,1,0,0,0,0,2023,Fall,6
2767,SPANSH 30,Upper-level Spanish,Romance Languages & Lit,"Liander,Johanna Damgaard",10,0,0,0,0,0,0,2023,Fall,10
2768,SPANSH 30,Upper-level Spanish,Romance Languages & Lit,"Liander,Johanna Damgaard",11,0,0,0,0,0,0,2023,Fall,11
2769,SPANSH 30,Upper-level Spanish,Romance Languages & Lit,"Liander,Johanna Damgaard",8,0,0,3,0,0,0,2023,Fall,11
2770,SPANSH 30,Upper-level Spanish,Romance Languages & Lit,"Liander,Johanna Damgaard",11,0,0,0,0,0,0,2023,Fall,11
2771,SPANSH 30,Upper-level Spanish,Romance Languages & Lit,"Liander,Johanna Damgaard",8,0,0,5,0,0,0,2023,Fall,13
2772,SPANSH 320,Spanish & Hispanic-American Li,Romance Languages & Lit,"Giron Negron,Luis M.",0,1,0,0,0,0,0,2023,Fall,1
2773,SPANSH 40,Advanced Spanish Language I,Romance Languages & Lit,"Liander,Johanna Damgaard",12,1,0,0,0,0,0,2023,Fall,13
2774,SPANSH 40,Advanced Spanish Language I,Romance Languages & Lit,"Liander,Johanna Damgaard",13,0,0,0,0,0,0,2023,Fall,13
2775,SPANSH 40,Advanced Spanish Language I,Romance Languages & Lit,"Liander,Johanna Damgaard",13,0,0,0,0,0,0,2023,Fall,13
2776,SPANSH 40,Advanced Spanish Language I,Romance Languages & Lit,"Liander,Johanna Damgaard",6,1,0,1,0,0,0,2023,Fall,8
2777,SPANSH 40,Advanced Spanish Language I,Romance Languages & Lit,"Liander,Johanna Damgaard",10,0,1,0,0,0,0,2023,Fall,11
2778,SPANSH 49H,Languaging & Latinx identities,Romance Languages & Lit,"Parra-Velasco,Maria Luisa",11,0,0,0,0,0,0,2023,Fall,11
2779,SPANSH 49H,Languaging & Latinx identities,Romance Languages & Lit,"Parra-Velasco,Maria Luisa",9,1,0,0,0,0,0,2023,Fall,10
2780,SPANSH 50,Advanced Spanish II,Romance Languages & Lit,"Gutierrez,Adriana",9,1,0,0,0,0,0,2023,Fall,10
2781,SPANSH 50,Advanced Spanish II,Romance Languages & Lit,"Gutierrez,Adriana",14,0,0,0,0,0,0,2023,Fall,14
2782,SPANSH 50,Advanced Spanish II,Romance Languages & Lit,"Gutierrez,Adriana",12,0,0,1,0,0,0,2023,Fall,13
2783,SPANSH 50,Advanced Spanish II,Romance Languages & Lit,"Gutierrez,Adriana",15,0,0,0,0,0,0,2023,Fall,15
2784,SPANSH 50,Advanced Spanish II,Romance Languages & Lit,"Gutierrez,Adriana",10,0,0,0,0,0,0,2023,Fall,10
2785,SPANSH 59,Spanish and the Community,Romance Languages & Lit,"Parra-Velasco,Maria Luisa",13,0,0,0,0,0,0,2023,Fall,13
2786,SPANSH 61N,Ethics of Business in Lat Am,Romance Languages & Lit,"Gutierrez,Adriana",10,0,0,0,0,0,0,2023,Fall,10
2787,SPANSH 61N,Ethics of Business in Lat Am,Romance Languages & Lit,"Gutierrez,Adriana",9,0,0,1,0,0,0,2023,Fall,10
2788,SPANSH 61N,Ethics of Business in Lat Am,Romance Languages & Lit,"Gutierrez,Adriana",9,0,0,0,0,0,0,2023,Fall,9
2789,SPANSH 70B,Golden Age Literature,Romance Languages & Lit,"Giron Negron,Luis M.",9,0,0,2,0,0,0,2023,Fall,11
2790,SPANSH 80T,Translation Wrkshp Spain 20th,Romance Languages & Lit,"Aguirre-Oteiza,Daniel",11,0,0,0,0,0,0,2023,Fall,11
2791,SPANSH 81,Table Talk and Food Writing,Romance Languages & Lit,"Liander,Johanna Damgaard",15,0,0,0,0,0,0,2023,Fall,15
2792,SPANSH 99A,Tutorial - Senior Year,Romance Languages & Lit,"Richman,Kathy A.",1,0,0,0,0,0,0,2023,Fall,1
2826,SUDANESE BA,Intermediate Sudanese Arabic,African & African Amer Studies,"Mugane,John M",0,0,0,1,0,0,0,2023,Fall,1
2827,SUMERIAN AA,Introductory Sumerian I,Near Eastern Languages & Civ,"Barjamovic,Gojko",1,0,0,1,0,0,0,2023,Fall,2
2828,SWAHILI 101AR,Reading in Swahili,African & African Amer Studies,"Mugane,John M",1,0,0,1,0,0,0,2023,Fall,2
2829,SWAHILI AA,Elementary Swahili,African & African Amer Studies,"Mugane,John M",7,0,0,0,0,0,0,2023,Fall,7
2830,SWAHILI BA,Intermediate Swahili,African & African Amer Studies,"Mugane,John M",1,0,0,2,0,0,0,2023,Fall,3
2831,SWEDISH 10A,Beginning Swedish Lang and Lit,Germanic Languages & Lit,"Broome,Agnes",4,0,0,2,0,0,0,2023,Fall,6
2832,SWEDISH 20A,Intermediate Swedish,Germanic Languages & Lit,"Broome,Agnes",5,0,0,0,0,0,0,2023,Fall,5
2833,SYRIAC BA,Intermediate Syriac I,Near Eastern Languages & Civ,"Possekel,Ute",0,0,0,0,0,0,0,2023,Fall,0
2867,TAM 101A,Elementary Tamil,South Asian Studies,"Ripley,Jonathan Daniel",5,0,0,4,0,0,0,2023,Fall,9
2868,TAM 102A,Intermediate Tamil,South Asian Studies,"Ripley,Jonathan Daniel",2,0,0,1,0,0,0,2023,Fall,3
2898,THI 101A,Introductory Thai I,South Asian Studies,"Patil,Parimal G.",0,1,0,1,0,0,0,2023,Fall,2
2899,THI 102A,Intermediate Thai I,South Asian Studies,"Patil,Parimal G.",2,0,0,0,0,0,0,2023,Fall,2
2900,THI 103AR,Readings in Thai I,South Asian Studies,"Patil,Parimal G.",0,0,0,0,0,0,0,2023,Fall,0
2901,TIBET 101A,Elementary Classical Tibetan,South Asian Studies,"van der Kuijp,Leonard Willem Johannes",0,0,0,0,0,1,0,2023,Fall,1
2902,TIBET 102A,Intermediate Classical Tibetan,South Asian Studies,"van der Kuijp,Leonard Willem Johannes",0,0,0,2,0,0,0,2023,Fall,2
2903,TIBET 104AR,Elementary Colloquial Tibetan,South Asian Studies,"Patil,Parimal G.",0,0,0,1,0,0,0,2023,Fall,1
2904,TIBET 106AR,Advanced Colloquial Tibetan,South Asian Studies,"Patil,Parimal G.",1,1,0,0,0,0,0,2023,Fall,2
2905,TIBET 225,Readings in Tibetan Ritual Lit,South Asian Studies,"van der Kuijp,Leonard Willem Johannes",0,3,0,7,0,0,0,2023,Fall,10
2906,TIBET 300,Reading and Research,South Asian Studies,"van der Kuijp,Leonard Willem Johannes",0,1,0,0,0,0,0,2023,Fall,1
2907,TIGRINYA 101AR,Advanced Tigrinya,African & African Amer Studies,"Mugane,John M",2,0,0,0,0,0,0,2023,Fall,2
2908,TIGRINYA AA,Elementary Tigrinya,African & African Amer Studies,"Mugane,John M",3,0,0,0,0,0,0,2023,Fall,3
2909,TIGRINYA BA,Intermediate Tigrinya,African & African Amer Studies,"Mugane,John M",2,0,0,0,0,0,0,2023,Fall,2
2911,TURKISH 120A,Intermediate Modern Turkish I,Near Eastern Languages & Civ,"Demir,Meryem",0,2,0,1,0,0,0,2023,Fall,3
2912,TURKISH 130A,Advanced Turkish I,Near Eastern Languages & Civ,"Taskomur,Himmet",0,1,0,0,0,0,0,2023,Fall,1
2913,TURKISH 140A,Intro to Ottoman Turkish I,Near Eastern Languages & Civ,"Taskomur,Himmet",0,1,0,1,0,0,0,2023,Fall,2
2914,TURKISH 150A,Advanced Ottoman Turkish I,Near Eastern Languages & Civ,"Taskomur,Himmet",0,4,0,0,0,0,0,2023,Fall,4
2915,TURKISH AA,Elementary Modern Turkish I,Near Eastern Languages & Civ,"Demir,Meryem",0,3,0,2,0,0,0,2023,Fall,5
2916,TWI 101AR,Reading in Twi,African & African Amer Studies,"Mugane,John M",4,0,0,0,0,0,0,2023,Fall,4
2917,TWI AA,Elementary Twi,African & African Amer Studies,"Mugane,John M",4,0,0,2,0,0,0,2023,Fall,6
2918,TWI BA,Intermediate Twi,African & African Amer Studies,"Mugane,John M",4,0,0,1,0,0,0,2023,Fall,5
2919,UKRA AA,Elementary Ukrainian I,Slavic Languages & Literatures,"Shpylova-Saeed,Nataliya",3,1,0,2,0,1,0,2023,Fall,7
2920,UKRA BA,Intermediate Ukrainian I,Slavic Languages & Literatures,"Shpylova-Saeed,Nataliya",1,3,0,0,0,0,0,2023,Fall,4
2921,UKRA CR,Advanced Ukrainian,Slavic Languages & Literatures,"Shpylova-Saeed,Nataliya",1,4,0,0,0,0,0,2023,Fall,5
2923,UYGHUR 120A,Intermediate/Advanced Uyghur,East Asian Langs & Civ,"Gulina,Aizezi",1,0,0,0,0,0,0,2023,Fall,1
2924,UYGHUR 300,Readings in Uyghur Lang & Lit,East Asian Langs & Civ,"Gulina,Aizezi",0,1,0,0,0,0,0,2023,Fall,1
2925,VIETNAM 120A,Intermediate Vietnamese,East Asian Langs & Civ,"Le,Hoa",5,0,0,0,0,0,0,2023,Fall,5
2926,VIETNAM 130A,Advanced Vietnamese,East Asian Langs & Civ,"Le,Hoa",5,0,0,2,0,0,0,2023,Fall,7
2927,VIETNAM 91R,Supervised Reading and Researc,East Asian Langs & Civ,"Le,Hoa",1,0,0,0,0,0,0,2023,Fall,1
2928,VIETNAM BA,Elementary Vietnamese,East Asian Langs & Civ,"Le,Hoa",12,0,0,6,0,0,0,2023,Fall,18
2942,WELSH 226R,Readings in Middle Welsh Prose,Celtic Languages & Literatures,"McKenna,Catherine",0,2,0,0,0,0,0,2023,Fall,2
2943,WELSH 229,Welsh Prose c. 1450c.1750,Celtic Languages & Literatures,"Hunter,Thomas G",0,2,0,0,0,0,0,2023,Fall,2
2944,WOLOF 101AR,Advanced Wolof,African & African Amer Studies,"Mugane,John M",1,2,0,0,0,0,0,2023,Fall,3
2945,WOLOF BA,Intermediate Wolof,African & African Amer Studies,"Mugane,John M",0,1,0,1,0,0,0,2023,Fall,2
2959,WSTAFRCN AA,Elementary West African Pidgin,African & African Amer Studies,"Mugane,John M",17,0,0,0,0,0,0,2023,Fall,17
2960,WSTAFRCN BA,Intermediate W. African Pidgin,African & African Amer Studies,Unknown,0,0,0,0,0,0,0,2023,Fall,0
2961,YIDDISH 107,The Politics of Yiddish,Near Eastern Languages & Civ,"Zaritt,Saul",3,0,0,1,0,0,0,2023,Fall,4
2962,YIDDISH 300,Yiddish Language & Literature,Near Eastern Languages & Civ,"Zaritt,Saul",0,1,0,0,0,0,0,2023,Fall,1
2963,YIDDISH AA,Elementary Yiddish I,Near Eastern Languages & Civ,"Feldman,Sara",1,0,0,0,0,0,0,2023,Fall,1
2964,YIDDISH BA,Intermediate Yiddish I,Near Eastern Languages & Civ,"Feldman,Sara",0,0,0,1,0,1,0,2023,Fall,2
2965,YORUBA 101AR,Reading in Yoruba,African & African Amer Studies,"Mugane,John M",3,0,0,0,0,0,0,2023,Fall,3
2966,YORUBA AA,Elementary Yoruba,African & African Amer Studies,"Mugane,John M",5,0,0,4,0,0,0,2023,Fall,9
2967,YORUBA BA,Intermediate Yoruba,African & African Amer Studies,"Mugane,John M",3,0,0,2,0,0,0,2023,Fall,5
2968,ZULU 101AR,Advanced Zulu,African & African Amer Studies,"Mugane,John M",1,0,0,0,0,0,0,2023,Fall,1
2969,ZULU AA,Elementary Zulu,African & African Amer Studies,"Mugane,John M",28,0,0,1,0,0,0,2023,Fall,29
2970,ZULU BA,Intermediate Zulu,African & African Amer Studies,"Mugane,John M",5,0,0,0,0,0,0,2023,Fall,5
27,AFRIKAAN AB,Elementary Afrikaans,African & African Amer Studies,"Mugane,John M",7,0,0,0,0,0,0,2024,Spring,7
72,AKKAD 240,Late Babylonian Priestly Lit,Near Eastern Languages & Civ,"Debourse,Celine Hilde Ilse",0,3,0,0,0,0,0,2024,Spring,3
73,AKKAD AB,Introductory Akkadian II,Near Eastern Languages & Civ,"Barjamovic,Gojko",2,1,0,0,0,0,0,2024,Spring,3
74,ALBANIAN BB,Intermediate Modern AlbanianII,Near Eastern Languages & Civ,"Uthman,Nader",1,1,0,1,0,1,0,2024,Spring,4
75,AMHARIC 101BR,Advanced Amharic II,African & African Amer Studies,"Mugane,John M",5,0,0,3,0,0,0,2024,Spring,8
76,AMHARIC AB,Elementary Amharic,African & African Amer Studies,"Mugane,John M",7,0,0,1,0,0,0,2024,Spring,8
77,AMHARIC BB,Intermediate Amharic,African & African Amer Studies,"Mugane,John M",4,0,0,2,0,0,0,2024,Spring,6
188,ARABIC 130B,Upper-Level Classical Arabic 2,Near Eastern Languages & Civ,"Habib,Muhammad Ahmad",2,2,0,1,0,0,0,2024,Spring,5
189,ARABIC 131B,Upper-Level Modern Arabic II,Near Eastern Languages & Civ,Unknown,0,0,0,0,0,0,0,2024,Spring,0
190,ARABIC 131B,Upper-Level Modern Arabic II,Near Eastern Languages & Civ,"Habib,Muhammad Ahmad",3,3,0,1,0,0,0,2024,Spring,7
191,ARABIC 131B,Upper-Level Modern Arabic II,Near Eastern Languages & Civ,"Habib,Muhammad Ahmad",2,1,0,1,0,0,0,2024,Spring,4
192,ARABIC 152R,Quranic Hermeneutics,Near Eastern Languages & Civ,"Nasser,Shady Hekmat",5,0,0,0,0,0,0,2024,Spring,5
193,ARABIC 202,Madrasa texts across Empires,Near Eastern Languages & Civ,"El-Rouayheb,Khaled",0,3,0,2,0,0,0,2024,Spring,5
194,ARABIC 203,Introduction to Commentaries,Near Eastern Languages & Civ,"El-Rouayheb,Khaled",0,3,0,4,0,0,0,2024,Spring,7
195,ARABIC 210R,Readings in Contemp. Arabic Li,Near Eastern Languages & Civ,"Uthman,Nader",1,0,0,0,0,0,0,2024,Spring,1
196,ARABIC 237R,Contemporary Media Arabic,Near Eastern Languages & Civ,"Madi,Amr Abdelhadi Elsayed",3,0,0,0,0,0,0,2024,Spring,3
197,ARABIC 241BR,Advanced Modern Arabic Bridge,Near Eastern Languages & Civ,"Uthman,Nader",4,1,0,0,0,0,0,2024,Spring,5
198,ARABIC 242BR,Adv Topics in Arabic,Near Eastern Languages & Civ,"Madi,Amr Abdelhadi Elsayed",0,1,0,1,0,0,0,2024,Spring,2
199,ARABIC AA,Elementary Arabic I,Near Eastern Languages & Civ,"Cozzens,Richard",7,1,0,2,0,0,0,2024,Spring,10
200,ARABIC AB,Elementary Arabic II,Near Eastern Languages & Civ,"Malhas,Dana Ahmad Atef",5,4,1,1,0,0,0,2024,Spring,11
201,ARABIC AB,Elementary Arabic II,Near Eastern Languages & Civ,"Malhas,Dana Ahmad Atef",10,1,0,0,0,0,0,2024,Spring,11
202,ARABIC AB,Elementary Arabic II,Near Eastern Languages & Civ,"Cozzens,Richard",12,0,0,1,0,0,0,2024,Spring,13
203,ARABIC AB,Elementary Arabic II,Near Eastern Languages & Civ,"Halaby,Gregory",3,0,0,0,0,0,0,2024,Spring,3
204,ARABIC BB,Intermediate Arabic II,Near Eastern Languages & Civ,"Halaby,Gregory",6,2,0,0,0,0,0,2024,Spring,8
205,ARABIC BB,Intermediate Arabic II,Near Eastern Languages & Civ,"Uthman,Nader",6,3,0,0,0,0,0,2024,Spring,9
206,ARABIC BB,Intermediate Arabic II,Near Eastern Languages & Civ,"Halaby,Gregory",5,1,0,0,0,0,0,2024,Spring,6
207,ARABIC BB,Intermediate Arabic II,Near Eastern Languages & Civ,"Halaby,Gregory",0,0,0,0,0,0,0,2024,Spring,0
208,ARAMAIC 251B,Aramaic Translation,Near Eastern Languages & Civ,"Teeter,Andrew",0,2,0,0,0,0,0,2024,Spring,2
209,ARMEN AB,Elem Modern West Armenian II,Near Eastern Languages & Civ,"Gulesserian,Lisa",0,1,0,0,0,0,0,2024,Spring,1
210,ARMEN BB,Int Modern Western Armenian II,Near Eastern Languages & Civ,"Gulesserian,Lisa",1,0,0,0,0,0,0,2024,Spring,1
211,ARMEN CB,Advanced Modern Armenian II,Near Eastern Languages & Civ,"Gulesserian,Lisa",1,0,0,0,0,0,0,2024,Spring,1
301,BCS AB,Elementary BCS II,Slavic Languages & Literatures,"Kuzmic,Tatiana",3,0,0,1,0,0,0,2024,Spring,4
302,BCS BB,Intermediate BCS II,Slavic Languages & Literatures,"Kuzmic,Tatiana",2,0,0,2,0,0,0,2024,Spring,4
303,BCS CR,Advanced BCS,Slavic Languages & Literatures,"Kuzmic,Tatiana",5,1,0,0,0,0,0,2024,Spring,6
308,BI 101B,Beginning Indonesian,South Asian Studies,"Suryani,Sakti",1,1,0,0,0,0,0,2024,Spring,2
309,BI 102B,Intermediate Indonesian,South Asian Studies,"Suryani,Sakti",0,0,0,1,0,1,0,2024,Spring,2
310,BI 103B,Advanced Indonesian,South Asian Studies,"Suryani,Sakti",0,0,0,1,0,1,0,2024,Spring,2
407,CATALAN 11,Catalan Language and Culture,Romance Languages & Lit,"Aguirre-Oteiza,Daniel",2,0,0,0,0,0,0,2024,Spring,2
514,CHNSE 106B,Intro to Literary Chinese,East Asian Langs & Civ,"Sena,David M",2,2,0,3,0,0,0,2024,Spring,7
515,CHNSE 107B,Intermediate Literary Chinese,East Asian Langs & Civ,"Sena,David M",0,3,0,1,0,0,0,2024,Spring,4
516,CHNSE 120B,Intermediate Modern Chinese,East Asian Langs & Civ,"Wang,Ying-Chieh",10,0,0,0,0,0,0,2024,Spring,10
517,CHNSE 120B,Intermediate Modern Chinese,East Asian Langs & Civ,"Wang,Ying-Chieh",7,2,0,1,0,0,0,2024,Spring,10
518,CHNSE 120B,Intermediate Modern Chinese,East Asian Langs & Civ,"Wang,Ying-Chieh",13,0,0,1,0,0,0,2024,Spring,14
519,CHNSE 123XB,Intermed Mod Chinese - Adv Beg,East Asian Langs & Civ,"Du,Landon (Yuxiao)",12,2,0,0,0,0,0,2024,Spring,14
520,CHNSE 123XB,Intermed Mod Chinese - Adv Beg,East Asian Langs & Civ,"Du,Landon (Yuxiao)",11,0,0,0,0,0,0,2024,Spring,11
521,CHNSE 123XB,Intermed Mod Chinese - Adv Beg,East Asian Langs & Civ,"Du,Landon (Yuxiao)",15,0,0,0,0,0,0,2024,Spring,15
522,CHNSE 130B,Pre-Advanced Modern Chinese,East Asian Langs & Civ,"Yang,Bin",12,0,0,1,0,1,0,2024,Spring,14
523,CHNSE 130B,Pre-Advanced Modern Chinese,East Asian Langs & Civ,"Yang,Bin",14,0,0,0,0,0,0,2024,Spring,14
524,CHNSE 130B,Pre-Advanced Modern Chinese,East Asian Langs & Civ,"Yang,Bin",8,0,0,0,0,0,0,2024,Spring,8
525,CHNSE 130XB,Pre-Adv Mod Chin for High-Prof,East Asian Langs & Civ,"Yang,Shunan",9,0,0,0,0,0,0,2024,Spring,9
526,CHNSE 130XB,Pre-Adv Mod Chin for High-Prof,East Asian Langs & Civ,"Yang,Shunan",6,1,0,1,0,0,0,2024,Spring,8
527,CHNSE 140B,Advanced Modern Chinese,East Asian Langs & Civ,"Chen,Xiaocheng",4,1,0,0,0,0,0,2024,Spring,5
528,CHNSE 140XB,Adv Mod Chin for High-Prof,East Asian Langs & Civ,"Yu,Xiaoshi",3,0,0,0,0,0,0,2024,Spring,3
529,CHNSE 142B,Adv Conversational Chinese,East Asian Langs & Civ,"Chen,Xiaocheng",5,0,0,1,0,0,0,2024,Spring,6
530,CHNSE 150B,Reads & Disc in Acad Prof Chin,East Asian Langs & Civ,"Cai,Jing",3,0,0,0,0,0,0,2024,Spring,3
531,CHNSE 163,Business Chinese,East Asian Langs & Civ,"Cai,Jing",6,0,0,0,0,0,0,2024,Spring,6
532,CHNSE 166R,Chinese in the Humanities,East Asian Langs & Civ,"Liu,Jennifer Li-Chia",12,3,0,2,0,0,0,2024,Spring,17
533,CHNSE 300,Reading and Research,East Asian Langs & Civ,"Bol,Peter K.",0,1,0,0,0,0,0,2024,Spring,1
534,CHNSE 300,Reading and Research,East Asian Langs & Civ,"Elliott,Mark C.",0,2,0,0,0,0,0,2024,Spring,2
535,CHNSE 300,Reading and Research,East Asian Langs & Civ,"Li,Wai-yee",0,1,0,0,0,0,0,2024,Spring,1
536,CHNSE 300,Reading and Research,East Asian Langs & Civ,"Kelly,Thomas Patrick",0,1,0,0,0,0,0,2024,Spring,1
537,CHNSE 300,Reading and Research,East Asian Langs & Civ,"Tian,Xiaofei",0,2,0,0,0,0,0,2024,Spring,2
538,CHNSE 300,Reading and Research,East Asian Langs & Civ,"Puett,Michael J.",0,1,0,0,0,0,0,2024,Spring,1
539,CHNSE 300,Reading and Research,East Asian Langs & Civ,"Wang,David",0,1,0,0,0,0,0,2024,Spring,1
540,CHNSE BB,Elementary Modern Chinese,East Asian Langs & Civ,"Zhang,Fangzheng",14,1,0,1,0,0,0,2024,Spring,16
541,CHNSE BB,Elementary Modern Chinese,East Asian Langs & Civ,"Zhang,Fangzheng",20,1,0,1,0,0,0,2024,Spring,22
542,CHNSE BB,Elementary Modern Chinese,East Asian Langs & Civ,"Zhang,Fangzheng",14,1,0,1,0,0,0,2024,Spring,16
543,CHNSE BB,Elementary Modern Chinese,East Asian Langs & Civ,"Zhang,Fangzheng",7,0,0,0,0,0,0,2024,Spring,7
544,CHNSE BB,Elementary Modern Chinese,East Asian Langs & Civ,"Zhang,Fangzheng",14,0,0,0,0,0,0,2024,Spring,14
545,CHNSE BB,Elementary Modern Chinese,East Asian Langs & Civ,"Zhang,Fangzheng",2,0,0,1,0,0,0,2024,Spring,3
546,CHNSE BB,Elementary Modern Chinese,East Asian Langs & Civ,"Zhang,Fangzheng",0,0,0,0,0,0,0,2024,Spring,0
552,CLAS-HEB AB,Elementary Classical Hebrew II,Near Eastern Languages & Civ,"Teeter,Andrew",3,0,0,0,0,0,0,2024,Spring,3
704,CZCH 113,Readings in Czech,Slavic Languages & Literatures,"Tuckerova,Veronika",3,1,0,0,0,0,0,2024,Spring,4
705,CZCH AB,Elementary Czech II,Slavic Languages & Literatures,"Tuckerova,Veronika",1,0,0,0,0,0,0,2024,Spring,1
706,CZCH BB,Intermediate Czech II,Slavic Languages & Literatures,"Tuckerova,Veronika",2,0,0,0,0,0,0,2024,Spring,2
707,CZCH CR,Advanced Czech,Slavic Languages & Literatures,"Tuckerova,Veronika",1,1,0,0,0,0,0,2024,Spring,2
913,EGYPTARB AB,Elementary Egyptian Arabic,African & African Amer Studies,"Mugane,John M",2,0,0,0,0,0,0,2024,Spring,2
914,EGYPTARB BB,Intermediate Egyptian Arabic,African & African Amer Studies,"Mugane,John M",0,0,0,1,0,0,0,2024,Spring,1
915,EGYPTIAN AB,The Language of the Pharaohs,Near Eastern Languages & Civ,"Manuelian,Peter Der",3,0,0,0,0,0,0,2024,Spring,3
1209,FRENCH 10,Beginning French I,Romance Languages & Lit,"Mills,Nicole",5,0,0,2,0,0,1,2024,Spring,6
1210,FRENCH 11,Beginning French II,Romance Languages & Lit,"Mills,Nicole",11,2,0,2,0,0,0,2024,Spring,15
1211,FRENCH 11,Beginning French II,Romance Languages & Lit,"Mills,Nicole",5,0,0,2,0,0,0,2024,Spring,7
1212,FRENCH 11,Beginning French II,Romance Languages & Lit,"Mills,Nicole",9,0,0,1,0,0,0,2024,Spring,10
1213,FRENCH 11,Beginning French II,Romance Languages & Lit,"Mills,Nicole",10,0,0,0,0,0,0,2024,Spring,10
1214,FRENCH 15,Intensive Beginning French,Romance Languages & Lit,"Mills,Nicole",9,0,1,2,0,0,0,2024,Spring,12
1215,FRENCH 16,Reading French for Research,Romance Languages & Lit,"Mills,Nicole",0,2,0,2,0,0,0,2024,Spring,4
1216,FRENCH 160,The Laboratory Island,Romance Languages & Lit,Unknown,0,0,0,0,0,0,0,2024,Spring,0
1217,FRENCH 161,Reading Proust,Romance Languages & Lit,"Rodriguez,Matthew Elbert",6,0,0,0,1,0,0,2024,Spring,7
1218,FRENCH 20,Intermediate French,Romance Languages & Lit,"Turman,Karen",12,0,0,0,0,0,0,2024,Spring,12
1219,FRENCH 20,Intermediate French,Romance Languages & Lit,"Turman,Karen",8,0,0,1,0,0,0,2024,Spring,9
1220,FRENCH 245,Monique Wittig's Trojan Horse,Romance Languages & Lit,"Kim,Annabel",1,2,0,0,0,0,0,2024,Spring,3
1221,FRENCH 30,Upper-level French,Romance Languages & Lit,"Brisson,Claire-Marie",8,0,0,3,0,0,0,2024,Spring,11
1222,FRENCH 30,Upper-level French,Romance Languages & Lit,"Brisson,Claire-Marie",10,0,0,0,0,0,0,2024,Spring,10
1223,FRENCH 30,Upper-level French,Romance Languages & Lit,"Brisson,Claire-Marie",11,0,0,1,0,0,0,2024,Spring,12
1224,FRENCH 30,Upper-level French,Romance Languages & Lit,"Brisson,Claire-Marie",7,0,0,0,0,0,0,2024,Spring,7
1225,FRENCH 320,French Literature,Romance Languages & Lit,"Conley,Verena",0,1,0,0,0,0,0,2024,Spring,1
1226,FRENCH 330,Doctoral Dissertations,Romance Languages & Lit,"Beizer,Janet L.",0,1,0,0,0,0,0,2024,Spring,1
1227,FRENCH 330,Doctoral Dissertations,Romance Languages & Lit,"Conley,Tom",0,1,0,0,0,0,0,2024,Spring,1
1228,FRENCH 40,Advanced French I,Romance Languages & Lit,"Brisson,Claire-Marie",12,0,0,2,0,0,0,2024,Spring,14
1229,FRENCH 40,Advanced French I,Romance Languages & Lit,"Brisson,Claire-Marie",5,2,0,0,0,0,0,2024,Spring,7
1230,FRENCH 40,Advanced French I,Romance Languages & Lit,"Brisson,Claire-Marie",12,0,0,0,0,0,0,2024,Spring,12
1231,FRENCH 50,Advanced French II,Romance Languages & Lit,"Turman,Karen",6,0,0,0,0,0,0,2024,Spring,6
1232,FRENCH 50,Advanced French II,Romance Languages & Lit,"Turman,Karen",8,1,0,0,0,0,0,2024,Spring,9
1233,FRENCH 62,Sustainable French Industry,Romance Languages & Lit,"Turman,Karen",6,0,0,0,0,0,0,2024,Spring,6
1234,FRENCH 83,Photography and Literature,Romance Languages & Lit,"Rodriguez,Matthew Elbert",7,0,0,0,0,0,0,2024,Spring,7
1235,FRENCH 99B,Tutorial - Senior Year,Romance Languages & Lit,"Richman,Kathy A.",1,0,0,0,0,0,0,2024,Spring,1
1236,FT 101B,Elementary Filipino II,South Asian Studies,"Orsal,Lady Aileen",5,1,0,1,0,0,0,2024,Spring,7
1237,FT 102B,Intermediate Filipino II,South Asian Studies,"Orsal,Lady Aileen",1,0,0,1,0,0,0,2024,Spring,2
1238,FT 103BR,Advanced Filipino,South Asian Studies,"Orsal,Lady Aileen",4,0,0,1,0,0,0,2024,Spring,5
1274,GEEZ BB,Intermediate Geez,African & African Amer Studies,"Mugane,John M",2,0,0,2,0,0,0,2024,Spring,4
1349,GERMAN 100X,"German Lit, History, & Thought",Germanic Languages & Lit,"Carranza,Daniel",3,2,0,0,0,0,0,2024,Spring,5
1350,GERMAN 10AB,Beginning German (Intensive),Germanic Languages & Lit,"Pirozhenko,Ekaterina Petrovna",5,3,0,1,0,0,0,2024,Spring,9
1351,GERMAN 10B,Beginning German,Germanic Languages & Lit,"Pirozhenko,Ekaterina Petrovna",6,1,0,1,0,0,0,2024,Spring,8
1352,GERMAN 10B,Beginning German,Germanic Languages & Lit,"Pirozhenko,Ekaterina Petrovna",12,0,0,1,0,0,0,2024,Spring,13
1353,GERMAN 117,Voices of Diversity,Germanic Languages & Lit,Unknown,0,0,0,0,0,0,0,2024,Spring,0
1354,GERMAN 119B,"Great Works, Short Texts",Germanic Languages & Lit,"Dymek,Anne",6,1,0,0,0,0,0,2024,Spring,7
1355,GERMAN 137,Effi Briest and Madame Bovary,Germanic Languages & Lit,Unknown,0,2,0,0,0,0,0,2024,Spring,2
1356,GERMAN 145,German and Austrian Modernism,Germanic Languages & Lit,"Burgard,Peter J.",6,1,0,1,0,0,0,2024,Spring,8
1357,GERMAN 150,Under Surveillance,Germanic Languages & Lit,Unknown,0,0,0,0,0,0,0,2024,Spring,0
1358,GERMAN 20AB,Intermediate German: Intensive,Germanic Languages & Lit,"Pirozhenko,Ekaterina Petrovna",5,1,0,0,0,0,0,2024,Spring,6
1359,GERMAN 20B,Intermediate German,Germanic Languages & Lit,"Pirozhenko,Ekaterina Petrovna",6,0,0,1,0,0,0,2024,Spring,7
1360,GERMAN 20B,Intermediate German,Germanic Languages & Lit,"Pirozhenko,Ekaterina Petrovna",6,3,0,0,0,0,0,2024,Spring,9
1361,GERMAN 219,German Poetry,Germanic Languages & Lit,"Burgard,Peter J.",2,5,0,1,0,0,0,2024,Spring,8
1362,GERMAN 223,Kleist's Die Herrmannschlacht,Germanic Languages & Lit,Unknown,2,1,0,0,0,0,0,2024,Spring,3
1363,GERMAN 260,Writing the Body,Germanic Languages & Lit,Unknown,0,0,0,0,0,0,0,2024,Spring,0
1364,GERMAN 300,Dissertation,Germanic Languages & Lit,"Hamilton,John T.",0,2,0,0,0,0,0,2024,Spring,2
1365,GERMAN 300,Dissertation,Germanic Languages & Lit,"Burgard,Peter J.",0,2,0,0,0,0,0,2024,Spring,2
1366,GERMAN 310,Teaching,Germanic Languages & Lit,"Carranza,Daniel",0,3,0,0,0,0,0,2024,Spring,3
1367,GERMAN 62,Advanced Conversation,Germanic Languages & Lit,"Pirozhenko,Ekaterina Petrovna",5,0,0,0,0,0,0,2024,Spring,5
1368,GERMAN 68,Talking Art,Germanic Languages & Lit,"Struck,Christian",4,0,0,0,0,0,0,2024,Spring,4
1369,GERMAN 90R,Dutch,Germanic Languages & Lit,"Pirozhenko,Ekaterina Petrovna",1,1,0,0,0,0,0,2024,Spring,2
1370,GERMAN 90R,Dutch,Germanic Languages & Lit,"Pirozhenko,Ekaterina Petrovna",2,1,0,0,0,0,0,2024,Spring,3
1371,GERMAN 90R,Dutch,Germanic Languages & Lit,"Pirozhenko,Ekaterina Petrovna",1,0,0,0,0,0,0,2024,Spring,1
1372,GERMAN 98,Junior Tutorial,Germanic Languages & Lit,"Stewart,William Joseph",2,0,0,0,0,0,0,2024,Spring,2
1373,GERMAN 99B,Tutorial - Senior Year,Germanic Languages & Lit,"Stewart,William Joseph",2,0,0,0,0,0,0,2024,Spring,2
1374,GERMAN 99C,Tutorial - Senior Year,Germanic Languages & Lit,"Struck,Christian",4,0,0,0,0,0,0,2024,Spring,4
1488,GREEK 10,Intro. to Ancient Greek Lit.,"Classics, The","Livingston,Ivy",4,3,0,0,0,0,0,2024,Spring,7
1489,GREEK 120,Homer,"Classics, The","Nagy,Gregory",10,0,0,0,0,0,0,2024,Spring,10
1490,GREEK 150,Rhetoric in Athenian Lawcourts,"Classics, The","Greenwood,Emily",2,1,1,0,0,0,0,2024,Spring,4
1491,GREEK 2,Introductory Ancient Greek 2,"Classics, The","Livingston,Ivy",9,1,0,0,0,0,0,2024,Spring,10
1492,GRGN AR,Elementary Georgian,Slavic Languages & Literatures,"Shanava,Mzia",0,0,0,1,0,0,0,2024,Spring,1
1493,GRGN BR,Intermediate Georgian,Slavic Languages & Literatures,"Shanava,Mzia",0,1,0,0,0,0,0,2024,Spring,1
1494,GULLAH AB,Elementary Gullah,African & African Amer Studies,"Mugane,John M",8,0,0,0,0,0,0,2024,Spring,8
1546,HAITIAN AB,Elementary Haitian Creole,African & African Amer Studies,"Mugane,John M",4,1,0,1,0,0,0,2024,Spring,6
1604,HEBREW 240,Lamentations: Seminar,Near Eastern Languages & Civ,"Levenson,Jon D.",0,4,0,0,0,0,0,2024,Spring,4
1605,HIND-URD 101B,Introductory Hindi-Urdu,South Asian Studies,"Patil,Parimal G.",18,0,0,1,0,0,0,2024,Spring,19
1606,HIND-URD 101B,Introductory Hindi-Urdu,South Asian Studies,"Patil,Parimal G.",17,0,0,0,0,0,0,2024,Spring,17
1607,HIND-URD 101B,Introductory Hindi-Urdu,South Asian Studies,"Patil,Parimal G.",1,0,0,0,0,0,0,2024,Spring,1
1608,HIND-URD 102B,Intermediate Hindi-Urdu,South Asian Studies,"Kovacs,Hajnalka",1,0,0,1,0,0,0,2024,Spring,2
1609,HIND-URD 103BR,Advanced Hindi-Urdu,South Asian Studies,"Delacy,Richard Somers",7,0,0,1,0,0,0,2024,Spring,8
1610,HIND-URD 105R,Topics in Hindi-Urdu Literatur,South Asian Studies,"Kovacs,Hajnalka",0,1,0,0,0,0,0,2024,Spring,1
1611,HIND-URD 109,Ghalib's Urdu Poetry,South Asian Studies,"Kovacs,Hajnalka",5,0,0,2,0,0,0,2024,Spring,7
1612,HIND-URD 91R,Hindi-Urdu Supervised Readings,South Asian Studies,"Delacy,Richard Somers",0,0,0,0,0,0,0,2024,Spring,0
1774,IGBO 101BR,Advanced Igbo II,African & African Amer Studies,"Mugane,John M",3,0,0,0,0,0,0,2024,Spring,3
1775,IGBO AB,Elementary Igbo,African & African Amer Studies,"Mugane,John M",10,0,0,0,0,0,0,2024,Spring,10
1815,IRISH 133R,Intermediate Modern Irish,Celtic Languages & Literatures,"Sumner,Natasha",2,2,0,0,0,0,0,2024,Spring,4
1816,IRISH 201R,Continuing Old Irish,Celtic Languages & Literatures,"Nagy,Joseph F",0,3,0,0,0,0,0,2024,Spring,3
1817,IRISH 208,Readings in Early Modern Irish,Celtic Languages & Literatures,"Sumner,Natasha",0,2,0,0,0,0,0,2024,Spring,2
1823,ITAL 10,Beginning Italian I,Romance Languages & Lit,"Tragni Maloney,Elisa",6,1,0,0,0,0,0,2024,Spring,7
1824,ITAL 11,Beginning Italian II,Romance Languages & Lit,"Tragni Maloney,Elisa",8,2,0,1,0,0,0,2024,Spring,11
1825,ITAL 11,Beginning Italian II,Romance Languages & Lit,"Tragni Maloney,Elisa",11,0,0,0,0,0,0,2024,Spring,11
1826,ITAL 11,Beginning Italian II,Romance Languages & Lit,"Tragni Maloney,Elisa",7,0,0,1,0,0,0,2024,Spring,8
1827,ITAL 111,Italian Cinema:10 Masterpieces,Romance Languages & Lit,"Erspamer,Francesco",10,2,0,0,0,0,0,2024,Spring,12
1828,ITAL 15,Intensive Beginning Italian,Romance Languages & Lit,"Tragni Maloney,Elisa",4,0,0,0,0,0,0,2024,Spring,4
1829,ITAL 20,Intermediate Italian,Romance Languages & Lit,"Tragni Maloney,Elisa",2,2,0,0,0,0,0,2024,Spring,4
1830,ITAL 201R,Italian Studies Colloquium,Romance Languages & Lit,"Erspamer,Francesco",2,3,0,0,0,0,0,2024,Spring,5
1831,ITAL 30,Upper-Level Italian,Romance Languages & Lit,"Tragni Maloney,Elisa",8,0,0,3,0,0,0,2024,Spring,11
1832,ITAL 50,Advanced Italian II,Romance Languages & Lit,"Tragni Maloney,Elisa",3,0,0,0,0,0,0,2024,Spring,3
1833,ITAL 75,Safeguarding Intangible Herita,Romance Languages & Lit,"Camozzi Pistoja,Ambrogio",3,0,0,0,0,0,0,2024,Spring,3
1834,JAMAICAN AB,Elementary Jamaican Patois,African & African Amer Studies,"Mugane,John M",9,0,0,0,0,0,0,2024,Spring,9
1835,JAPAN 106C,Readings in Classical Japanese,East Asian Langs & Civ,"Truscott,Danica Marie",0,2,0,0,0,0,0,2024,Spring,2
1836,JAPAN 106D,Kana and Kanbun,East Asian Langs & Civ,"Truscott,Danica Marie",0,3,0,0,0,0,0,2024,Spring,3
1837,JAPAN 120B,Intermediate Japanese I,East Asian Langs & Civ,"Takehara,Chikako",5,3,0,1,0,0,0,2024,Spring,9
1838,JAPAN 120B,Intermediate Japanese I,East Asian Langs & Civ,"Takehara,Chikako",8,5,0,0,0,0,0,2024,Spring,13
1839,JAPAN 130B,Intermediate Japanese II,East Asian Langs & Civ,"Yagi,Mihoko",5,2,0,0,0,0,0,2024,Spring,7
1840,JAPAN 130B,Intermediate Japanese II,East Asian Langs & Civ,"Yagi,Mihoko",6,0,0,0,0,1,0,2024,Spring,7
1841,JAPAN 140B,Advanced Modern Japanese,East Asian Langs & Civ,"Asakura,Naomi",5,1,0,1,0,0,0,2024,Spring,7
1842,JAPAN 140B,Advanced Modern Japanese,East Asian Langs & Civ,"Asakura,Naomi",2,0,0,1,0,0,0,2024,Spring,3
1843,JAPAN 150B,Reads & Discus Jpn Soc Sci,East Asian Langs & Civ,"Asakura,Naomi",1,3,0,2,0,0,0,2024,Spring,6
1844,JAPAN 210B,Reading Academic Japanese,East Asian Langs & Civ,"Jacobsen,Wesley Mark",0,5,0,0,0,0,0,2024,Spring,5
1845,JAPAN 300,Reading and Research,East Asian Langs & Civ,"Atherton,David C",0,1,0,0,0,0,0,2024,Spring,1
1846,JAPAN BB,Elementary Japanese,East Asian Langs & Civ,"Sakomura,Yuki",3,3,0,1,0,0,0,2024,Spring,7
1847,JAPAN BB,Elementary Japanese,East Asian Langs & Civ,"Sakomura,Yuki",14,1,1,0,0,0,0,2024,Spring,16
1848,JAPAN BB,Elementary Japanese,East Asian Langs & Civ,"Sakomura,Yuki",8,0,0,1,0,1,0,2024,Spring,10
1857,KOREAN 120B,Intermediate Korean,East Asian Langs & Civ,"Noh,Ahsil",18,0,0,1,0,0,0,2024,Spring,19
1858,KOREAN 123XB,Int. Korean for Adv. Beg.,East Asian Langs & Civ,"Kim,Hi-Sun Helen",8,0,0,0,0,0,0,2024,Spring,8
1859,KOREAN 130B,Pre-advanced Korean,East Asian Langs & Civ,"Kim,Hwanhee",4,1,0,2,0,0,0,2024,Spring,7
1860,KOREAN 130XB,Pre-Adv Mod Kor for High-Prof,East Asian Langs & Civ,"Oh,Kyoungwon",4,0,0,0,0,0,0,2024,Spring,4
1861,KOREAN 140B,Advanced Korean,East Asian Langs & Civ,"Noh,Ahsil",2,0,0,1,0,0,0,2024,Spring,3
1862,KOREAN 166R,Korean in the Humanities,East Asian Langs & Civ,"Oh,Kyoungwon",1,1,0,1,0,0,0,2024,Spring,3
1863,KOREAN 300,Reading and Research,East Asian Langs & Civ,"Park,Si Nae",0,1,0,0,0,0,0,2024,Spring,1
1864,KOREAN BB,Elementary Korean,East Asian Langs & Civ,"Kim,Hi-Sun Helen",7,0,0,1,0,0,0,2024,Spring,8
1865,KOREAN BB,Elementary Korean,East Asian Langs & Civ,"Kim,Hi-Sun Helen",16,0,0,0,0,0,0,2024,Spring,16
1866,KOREAN BB,Elementary Korean,East Asian Langs & Civ,"Kim,Hwanhee",15,0,0,0,0,1,0,2024,Spring,16
1870,KURDISH AB,Elementary Kurdish II,Near Eastern Languages & Civ,"Uthman,Nader",1,2,0,0,0,0,0,2024,Spring,3
1871,LATIN 10,Intro. to Latin Literature,"Classics, The","Livingston,Ivy",3,0,0,0,0,0,0,2024,Spring,3
1872,LATIN 104,Ovid's Metamorphoses,"Classics, The","Philbrick,Rachel",8,0,0,0,0,0,0,2024,Spring,8
1873,LATIN 112B,Latin Lit.: Texts & Contexts,"Classics, The","Love,Rachel",7,6,0,0,0,0,0,2024,Spring,13
1874,LATIN 134,Archaic Latin,"Classics, The","Rau,Jeremy",2,3,0,0,0,0,0,2024,Spring,5
1875,LATIN 144,Roman Invasions,"Classics, The","Hudson,Jared M",2,2,0,0,0,0,0,2024,Spring,4
1876,LATIN 2,Introductory Latin 2,"Classics, The","Livingston,Ivy",9,1,0,1,0,0,0,2024,Spring,11
1877,LATIN 2,Introductory Latin 2,"Classics, The","Livingston,Ivy",6,1,0,0,0,0,0,2024,Spring,7
1911,MANCHU B,Elementary Manchu,East Asian Langs & Civ,"Elliott,Mark C.",0,1,0,0,0,0,0,2024,Spring,1
2056,MEDLATIN 10,Intro. to Medieval Latin Lit.,"Classics, The","Ziolkowski,Jan M.",8,0,0,0,0,0,0,2024,Spring,8
2057,MEDLATIN 151,Virgil in the Middle Ages,"Classics, The","Ziolkowski,Jan M.",2,2,1,0,0,0,0,2024,Spring,5
2091,MOD-HEB 120B,Intermediate Modern Hebrew II,Near Eastern Languages & Civ,"Bechor,Ran Teodor",1,0,0,1,0,0,0,2024,Spring,2
2092,MOD-HEB 130B,Advanced Modern Hebrew II,Near Eastern Languages & Civ,"Bechor,Ran Teodor",3,0,0,0,0,0,0,2024,Spring,3
2093,MOD-HEB 240R,Adv Studies in Modern Hebrew,Near Eastern Languages & Civ,"Neumark,Romy",0,0,0,1,0,0,0,2024,Spring,1
2094,MOD-HEB BB,Elementary Modern Hebrew II,Near Eastern Languages & Civ,"Bechor,Ran Teodor",7,0,0,1,0,0,0,2024,Spring,8
2095,MODGRK 100,Advanced Modern Greek,"Classics, The","Roilos,Panagiotis",3,2,0,1,0,0,0,2024,Spring,6
2096,MODGRK AB,Elementary Modern Greek,"Classics, The","Dourou,Calliopi Ioannis",8,0,0,1,0,0,0,2024,Spring,9
2097,MODGRK BB,Intermediate Modern Greek,"Classics, The","Roilos,Panagiotis",1,2,0,0,0,0,0,2024,Spring,3
2174,NEP 101B,Introductory Nepali,South Asian Studies,"Patil,Parimal G.",2,0,0,0,0,0,0,2024,Spring,2
2175,NEP 102B,Intermediate Nepali,South Asian Studies,"Patil,Parimal G.",2,0,0,1,0,0,0,2024,Spring,3
2176,NEP 103B,Advanced Nepali,South Asian Studies,"Patil,Parimal G.",2,0,0,0,0,0,0,2024,Spring,2
2177,NEP 104B,Readings in Modern Nepali Lit,South Asian Studies,"Patil,Parimal G.",3,0,0,1,0,0,0,2024,Spring,4
2178,NEP 105B,Dev. of Nepali Lang. and Lit.,South Asian Studies,"Patil,Parimal G.",1,0,0,0,0,0,0,2024,Spring,1
2294,OROMO AB,Elementary Oromo,African & African Amer Studies,"Mugane,John M",6,0,0,1,0,0,0,2024,Spring,7
2296,PERSIAN 131R,Classical Persian Bridge,Near Eastern Languages & Civ,"Taskomur,Himmet",1,3,0,0,0,0,0,2024,Spring,4
2297,PERSIAN 221,Fndns of Persian Sufi Poetry,Near Eastern Languages & Civ,"Boylston,Nicholas John",1,2,0,7,0,0,0,2024,Spring,10
2298,PERSIAN 300,Persian Language & Literature,Near Eastern Languages & Civ,"Boylston,Nicholas John",0,4,0,0,0,0,0,2024,Spring,4
2299,PERSIAN AB,Elementary Persian II,Near Eastern Languages & Civ,"Ebrahimian,Mojtaba",3,2,0,5,0,0,0,2024,Spring,10
2300,PERSIAN BB,Intermediate Persian II,Near Eastern Languages & Civ,"Ebrahimian,Mojtaba",0,2,0,0,0,1,0,2024,Spring,3
2301,PERSIAN BB,Intermediate Persian II,Near Eastern Languages & Civ,"Ebrahimian,Mojtaba",1,0,0,0,0,0,0,2024,Spring,1
2455,PLSH AB,Elementary Polish II,Slavic Languages & Literatures,"Kovalchuk,Iryna",0,2,0,0,0,0,0,2024,Spring,2
2456,PLSH BB,Intermediate Polish II,Slavic Languages & Literatures,"Kovalchuk,Iryna",0,1,0,0,0,0,0,2024,Spring,1
2457,PLSH CR,Advanced Polish,Slavic Languages & Literatures,"Kovalchuk,Iryna",2,2,0,0,0,1,0,2024,Spring,5
2458,PORTUG 10S,Portuguese for Spanish Spkrs I,Romance Languages & Lit,"Soares,Cristiane",8,1,0,1,0,0,0,2024,Spring,10
2459,PORTUG 11,Beginning Portuguese II,Romance Languages & Lit,"Soares,Cristiane",4,0,0,0,0,0,0,2024,Spring,4
2460,PORTUG 11S,Begin. Portug for Spnsh Spkrs,Romance Languages & Lit,"Soares,Cristiane",10,0,0,0,0,0,0,2024,Spring,10
2461,PORTUG 15,Intensive Beginning Portuguese,Romance Languages & Lit,"Soares,Cristiane",5,1,0,1,0,0,0,2024,Spring,7
2462,PORTUG 224,Fernando Pessoa & Co.,Romance Languages & Lit,"Blackmore,Josiah",1,1,0,0,0,0,0,2024,Spring,2
2463,PORTUG 30,Upper-Level Portuguese,Romance Languages & Lit,"Soares,Cristiane",4,0,0,1,0,0,0,2024,Spring,5
2464,PORTUG 330,Doctoral Dissertations,Romance Languages & Lit,"Carvalho,Bruno",0,1,0,0,0,0,0,2024,Spring,1
2465,PORTUG 40,Advanced Portuguese I,Romance Languages & Lit,Unknown,0,0,0,0,0,0,0,2024,Spring,0
2466,PORTUG 59,Portuguese and the Community,Romance Languages & Lit,"Soares,Cristiane",5,0,0,0,0,0,0,2024,Spring,5
2467,PORTUG 91R,Supervised Reading & Research,Romance Languages & Lit,"Blackmore,Josiah",1,0,0,0,0,0,0,2024,Spring,1
2668,RUSS 103,Third-Year Russian II,Slavic Languages & Literatures,"Egorova,Veronika A.",4,1,0,1,0,0,0,2024,Spring,6
2669,RUSS 103,Third-Year Russian II,Slavic Languages & Literatures,"Zalaltdinova,Liya",2,4,0,0,0,0,0,2024,Spring,6
2670,RUSS 110,Fourth-Year Russian,Slavic Languages & Literatures,"Egorova,Veronika A.",2,2,0,0,0,0,0,2024,Spring,4
2671,RUSS 112,Advanced Russian,Slavic Languages & Literatures,"Pastushenkov,Dmitrii",1,3,0,0,0,0,0,2024,Spring,4
2672,RUSS 120R,Readings in Advanced Russian,Slavic Languages & Literatures,"Clancy,Steven",1,0,0,0,0,0,0,2024,Spring,1
2673,RUSS AAB,Elementary Russian (Intensive),Slavic Languages & Literatures,"Pastushenkov,Dmitrii",6,0,0,0,0,0,0,2024,Spring,6
2674,RUSS AB,Elementary Russian II,Slavic Languages & Literatures,"Clancy,Steven",4,0,0,0,0,0,0,2024,Spring,4
2675,RUSS AB,Elementary Russian II,Slavic Languages & Literatures,"Clancy,Steven",5,0,0,0,0,0,0,2024,Spring,5
2676,RUSS BAB,Intermediate Russian (Intensiv,Slavic Languages & Literatures,"Mironava,Jenya",3,1,0,1,0,0,0,2024,Spring,5
2677,RUSS BB,Intermediate Russian II,Slavic Languages & Literatures,"Clancy,Steven",3,2,0,0,0,0,0,2024,Spring,5
2678,RUSS BB,Intermediate Russian II,Slavic Languages & Literatures,"Clancy,Steven",3,2,0,0,0,0,0,2024,Spring,5
2679,SANSKRIT 101B,Elementary Sanskrit,South Asian Studies,"Cummins,Patrick",0,2,0,6,0,0,0,2024,Spring,8
2680,SANSKRIT 102BR,Intermediate Sanskrit II,South Asian Studies,"Patil,Parimal G.",0,2,0,2,0,0,0,2024,Spring,4
2681,SANSKRIT 201R,Adv Philosophical Sanskrit,South Asian Studies,"Cummins,Patrick",2,3,0,2,0,0,0,2024,Spring,7
2682,SANSKRIT 250R,Nth Year Sanskrit: Seminar,South Asian Studies,"Patil,Parimal G.",0,4,0,0,0,0,0,2024,Spring,4
2683,SANSKRIT 301,Reading and Research,South Asian Studies,"Patil,Parimal G.",0,1,0,0,0,0,0,2024,Spring,1
2684,SANSKRIT 310,Doctoral Dissertations,South Asian Studies,"Patil,Parimal G.",0,3,0,0,0,0,0,2024,Spring,3
2697,SCAND 90R.A,Danish,Germanic Languages & Lit,"Broome,Agnes",1,0,0,0,0,0,0,2024,Spring,1
2698,SCAND 90R.A,Danish,Germanic Languages & Lit,"Broome,Agnes",1,0,0,0,0,0,0,2024,Spring,1
2699,SCAND 90R.A,Danish,Germanic Languages & Lit,"Broome,Agnes",1,0,0,1,0,0,0,2024,Spring,2
2700,SCAND 90R.C,Norwegian,Germanic Languages & Lit,"Broome,Agnes",2,0,0,0,0,0,0,2024,Spring,2
2701,SCAND 90R.C,Norwegian,Germanic Languages & Lit,"Broome,Agnes",1,0,0,0,0,0,0,2024,Spring,1
2702,SCAND 90R.C,Norwegian,Germanic Languages & Lit,"Broome,Agnes",1,0,0,1,0,0,0,2024,Spring,2
2724,SEMPHIL 220R,Northwest Semitic Inscriptions,Near Eastern Languages & Civ,"Teeter,Andrew",0,3,0,0,0,0,0,2024,Spring,3
2845,SOMALI AB,Elementary Somali,African & African Amer Studies,Unknown,0,0,0,0,0,0,0,2024,Spring,0
2846,SOMALI BB,Intermediate Somali,African & African Amer Studies,Unknown,0,0,0,0,0,0,0,2024,Spring,0
2847,SPANSH 10,Beginning Spanish I,Romance Languages & Lit,"Parra-Velasco,Maria Luisa",9,0,0,0,0,0,0,2024,Spring,9
2848,SPANSH 10,Beginning Spanish I,Romance Languages & Lit,"Parra-Velasco,Maria Luisa",4,0,0,2,0,0,0,2024,Spring,6
2849,SPANSH 11,Beginning Spanish II,Romance Languages & Lit,"Parra-Velasco,Maria Luisa",13,0,0,0,0,0,0,2024,Spring,13
2850,SPANSH 11,Beginning Spanish II,Romance Languages & Lit,"Parra-Velasco,Maria Luisa",13,0,0,1,0,0,0,2024,Spring,14
2851,SPANSH 11,Beginning Spanish II,Romance Languages & Lit,"Parra-Velasco,Maria Luisa",12,1,0,2,0,0,0,2024,Spring,15
2852,SPANSH 11,Beginning Spanish II,Romance Languages & Lit,"Parra-Velasco,Maria Luisa",9,1,0,0,0,0,0,2024,Spring,10
2853,SPANSH 11,Beginning Spanish II,Romance Languages & Lit,"Parra-Velasco,Maria Luisa",12,0,0,1,0,0,0,2024,Spring,13
2854,SPANSH 11,Beginning Spanish II,Romance Languages & Lit,"Parra-Velasco,Maria Luisa",13,0,0,0,0,0,0,2024,Spring,13
2855,SPANSH 11,Beginning Spanish II,Romance Languages & Lit,"Parra-Velasco,Maria Luisa",12,0,0,0,0,0,0,2024,Spring,12
2856,SPANSH 11,Beginning Spanish II,Romance Languages & Lit,"Parra-Velasco,Maria Luisa",15,0,0,0,0,0,0,2024,Spring,15
2857,SPANSH 11,Beginning Spanish II,Romance Languages & Lit,"Parra-Velasco,Maria Luisa",8,0,0,0,0,0,0,2024,Spring,8
2858,SPANSH 115,Vessels of Ideas,Romance Languages & Lit,"Quintero Machler,Alejandro",8,0,0,0,0,0,0,2024,Spring,8
2859,SPANSH 148,Revolutionizing Archives:,Romance Languages & Lit,"Vela Martinez,Alejandra",8,2,0,0,0,0,0,2024,Spring,10
2860,SPANSH 15,Intensive Beginning Spanish,Romance Languages & Lit,"Parra-Velasco,Maria Luisa",4,2,0,0,0,0,0,2024,Spring,6
2861,SPANSH 194,The Borges Machine,Romance Languages & Lit,"Siskind,Mariano",16,4,0,3,0,0,0,2024,Spring,23
2862,SPANSH 20,Intermediate Spanish,Romance Languages & Lit,"Gutierrez,Adriana",9,0,0,0,0,0,0,2024,Spring,9
2863,SPANSH 20,Intermediate Spanish,Romance Languages & Lit,"Gutierrez,Adriana",13,0,0,1,0,0,0,2024,Spring,14
2864,SPANSH 20,Intermediate Spanish,Romance Languages & Lit,"Gutierrez,Adriana",8,0,0,0,0,0,0,2024,Spring,8
2865,SPANSH 20,Intermediate Spanish,Romance Languages & Lit,"Gutierrez,Adriana",10,0,0,1,0,0,1,2024,Spring,10
2866,SPANSH 20,Intermediate Spanish,Romance Languages & Lit,"Gutierrez,Adriana",15,0,0,1,0,0,0,2024,Spring,16
2867,SPANSH 20,Intermediate Spanish,Romance Languages & Lit,"Gutierrez,Adriana",14,0,0,0,0,0,0,2024,Spring,14
2868,SPANSH 20,Intermediate Spanish,Romance Languages & Lit,"Gutierrez,Adriana",15,0,0,0,0,0,0,2024,Spring,15
2869,SPANSH 234,"Rhetorics of travel, mobility",Romance Languages & Lit,"Siskind,Mariano",4,6,0,0,0,0,0,2024,Spring,10
2870,SPANSH 270,Politics of the Poem,Romance Languages & Lit,"Aguirre-Oteiza,Daniel",4,4,0,0,0,0,0,2024,Spring,8
2871,SPANSH 30,Upper-level Spanish,Romance Languages & Lit,"Feliberty Casiano,Xiomara Hipolita",13,0,0,0,0,0,0,2024,Spring,13
2872,SPANSH 30,Upper-level Spanish,Romance Languages & Lit,"Feliberty Casiano,Xiomara Hipolita",7,2,0,1,0,0,0,2024,Spring,10
2873,SPANSH 30,Upper-level Spanish,Romance Languages & Lit,"Feliberty Casiano,Xiomara Hipolita",11,0,0,1,0,0,0,2024,Spring,12
2874,SPANSH 30,Upper-level Spanish,Romance Languages & Lit,"Feliberty Casiano,Xiomara Hipolita",13,0,0,0,0,0,0,2024,Spring,13
2875,SPANSH 30,Upper-level Spanish,Romance Languages & Lit,"Feliberty Casiano,Xiomara Hipolita",13,0,0,1,0,0,0,2024,Spring,14
2876,SPANSH 30,Upper-level Spanish,Romance Languages & Lit,"Feliberty Casiano,Xiomara Hipolita",9,0,0,2,0,0,0,2024,Spring,11
2877,SPANSH 40,Advanced Spanish Language I,Romance Languages & Lit,"Feliberty Casiano,Xiomara Hipolita",7,0,0,4,0,0,0,2024,Spring,11
2878,SPANSH 40,Advanced Spanish Language I,Romance Languages & Lit,"Feliberty Casiano,Xiomara Hipolita",9,0,0,0,0,0,0,2024,Spring,9
2879,SPANSH 40,Advanced Spanish Language I,Romance Languages & Lit,"Feliberty Casiano,Xiomara Hipolita",7,1,0,4,0,0,0,2024,Spring,12
2880,SPANSH 40,Advanced Spanish Language I,Romance Languages & Lit,"Feliberty Casiano,Xiomara Hipolita",9,0,0,1,0,0,0,2024,Spring,10
2881,SPANSH 40,Advanced Spanish Language I,Romance Languages & Lit,"Feliberty Casiano,Xiomara Hipolita",8,0,0,0,0,0,0,2024,Spring,8
2882,SPANSH 50,Advanced Spanish II,Romance Languages & Lit,"Gutierrez,Adriana",12,0,0,3,0,0,0,2024,Spring,15
2883,SPANSH 50,Advanced Spanish II,Romance Languages & Lit,"Gutierrez,Adriana",8,0,0,0,0,0,0,2024,Spring,8
2884,SPANSH 50,Advanced Spanish II,Romance Languages & Lit,"Gutierrez,Adriana",10,0,0,0,0,0,0,2024,Spring,10
2885,SPANSH 50,Advanced Spanish II,Romance Languages & Lit,"Gutierrez,Adriana",8,0,0,0,0,0,0,2024,Spring,8
2886,SPANSH 59,Spanish and the Community,Romance Languages & Lit,"Parra-Velasco,Maria Luisa",8,0,0,0,0,0,0,2024,Spring,8
2887,SPANSH 59H,Spanish for Latino Students II,Romance Languages & Lit,"Parra-Velasco,Maria Luisa",14,0,0,1,0,0,0,2024,Spring,15
2888,SPANSH 61PH,Spanish for Public Health,Romance Languages & Lit,"Gutierrez,Adriana",14,0,0,0,1,0,0,2024,Spring,15
2889,SPANSH 61PH,Spanish for Public Health,Romance Languages & Lit,"Gutierrez,Adriana",10,1,0,0,0,0,0,2024,Spring,11
2890,SPANSH 61PH,Spanish for Public Health,Romance Languages & Lit,"Gutierrez,Adriana",15,1,0,0,0,0,0,2024,Spring,16
2891,SPANSH 61PH,Spanish for Public Health,Romance Languages & Lit,"Gutierrez,Adriana",11,0,0,0,0,0,0,2024,Spring,11
2892,SPANSH 68,Barcelonas Cultural Mosaic,Romance Languages & Lit,"Gutierrez,Adriana",4,0,0,0,0,0,0,2024,Spring,4
2893,SPANSH 71B,Intro to Mod Lat Am Lit,Romance Languages & Lit,"Vela Martinez,Alejandra",7,0,0,0,0,0,0,2024,Spring,7
2894,SPANSH 80TS,Translating Boundaries in Spai,Romance Languages & Lit,"Aguirre-Oteiza,Daniel",11,0,0,0,0,0,0,2024,Spring,11
2895,SPANSH 99B,Tutorial - Senior Year,Romance Languages & Lit,"Parra-Velasco,Maria Luisa",1,0,0,0,0,0,0,2024,Spring,1
2934,SUDANESE BB,Sudanese Arabic,African & African Amer Studies,"Mugane,John M",0,0,0,1,0,0,0,2024,Spring,1
2935,SUMERIAN AB,Introductory Sumerian II,Near Eastern Languages & Civ,"Barjamovic,Gojko",1,0,0,0,0,0,0,2024,Spring,1
2936,SWAHILI 101BR,Reading in Swahili II,African & African Amer Studies,"Mugane,John M",4,0,0,1,0,0,0,2024,Spring,5
2937,SWAHILI AB,Elementary Swahili,African & African Amer Studies,"Mugane,John M",4,0,0,0,0,0,0,2024,Spring,4
2938,SWAHILI BB,Intermediate Swahili,African & African Amer Studies,"Mugane,John M",1,0,0,2,0,0,0,2024,Spring,3
2939,SWEDISH 10B,Beginning Swedish Lang and Lit,Germanic Languages & Lit,"Broome,Agnes",4,0,0,1,0,0,0,2024,Spring,5
2940,SWEDISH 20B,Intermediate Swedish,Germanic Languages & Lit,"Broome,Agnes",4,0,0,0,0,0,0,2024,Spring,4
2970,TAM 101B,Elementary Tamil,South Asian Studies,"Ripley,Jonathan Daniel",5,0,0,3,0,0,0,2024,Spring,8
2971,TAM 102B,Intermediate Tamil,South Asian Studies,"Ripley,Jonathan Daniel",2,0,0,1,0,0,0,2024,Spring,3
2972,TAM 103BR,Advanced Tamil,South Asian Studies,"Ripley,Jonathan Daniel",1,0,0,0,0,0,0,2024,Spring,1
2973,TAM 91R,Tamil Supervised Readings,South Asian Studies,"Ripley,Jonathan Daniel",1,0,0,0,0,0,0,2024,Spring,1
2999,THI 101B,Introductory Thai II,South Asian Studies,"Patil,Parimal G.",1,1,0,0,0,0,0,2024,Spring,2
3000,THI 102B,Intermediate Thai II,South Asian Studies,"Patil,Parimal G.",1,0,0,0,0,0,0,2024,Spring,1
3001,TIBET 102B,Intermediate Classical Tibetan,South Asian Studies,"van der Kuijp,Leonard Willem Johannes",0,0,0,1,0,0,0,2024,Spring,1
3002,TIBET 106BR,Advanced Colloquial Tibetan,South Asian Studies,"Patil,Parimal G.",0,1,0,0,0,0,0,2024,Spring,1
3003,TIGRINYA 101BR,Advanced Tigrinya II,African & African Amer Studies,"Mugane,John M",2,0,0,0,0,0,0,2024,Spring,2
3004,TIGRINYA AB,Elementary Tigrinya,African & African Amer Studies,"Mugane,John M",3,0,0,0,0,0,0,2024,Spring,3
3005,TIGRINYA BB,Intermediate Tigrinya,African & African Amer Studies,"Mugane,John M",2,0,0,0,0,0,0,2024,Spring,2
3006,TURKISH 120B,Intermediate Modern Turkish II,Near Eastern Languages & Civ,"Demir,Meryem",0,2,0,0,0,0,0,2024,Spring,2
3007,TURKISH 130B,Advanced Modern Turkish II,Near Eastern Languages & Civ,"Demir,Meryem",3,1,0,0,0,0,0,2024,Spring,4
3008,TURKISH 140B,Intro to Ottoman Turkish II,Near Eastern Languages & Civ,"Taskomur,Himmet",0,1,0,1,0,0,0,2024,Spring,2
3009,TURKISH 150B,Advanced Ottoman Turkish II,Near Eastern Languages & Civ,"Taskomur,Himmet",0,4,0,0,0,0,0,2024,Spring,4
3010,TURKISH 300,Turkish Languages/Literatures,Near Eastern Languages & Civ,"Taskomur,Himmet",0,1,0,0,0,0,0,2024,Spring,1
3011,TURKISH AB,Elementary Modern Turkish II,Near Eastern Languages & Civ,"Demir,Meryem",0,3,0,3,0,0,0,2024,Spring,6
3012,TWI 101BR,Reading in Twi II,African & African Amer Studies,"Mugane,John M",4,0,0,0,0,0,0,2024,Spring,4
3013,TWI AB,Elementary Twi,African & African Amer Studies,"Mugane,John M",3,0,0,1,0,0,0,2024,Spring,4
3014,TWI BB,Intermediate Twi,African & African Amer Studies,"Mugane,John M",4,0,0,1,0,0,0,2024,Spring,5
3015,UKRA AB,Elementary Ukrainian II,Slavic Languages & Literatures,"Shpylova-Saeed,Nataliya",2,1,0,2,0,0,0,2024,Spring,5
3016,UKRA BB,Intermediate Ukrainian II,Slavic Languages & Literatures,"Shpylova-Saeed,Nataliya",1,3,0,0,0,0,0,2024,Spring,4
3017,UKRA CR,Advanced Ukrainian,Slavic Languages & Literatures,"Shpylova-Saeed,Nataliya",2,5,0,0,0,0,0,2024,Spring,7
3019,UYGHUR 120B,Intermediate/Advanced Uyghur,East Asian Langs & Civ,"Gulina,Aizezi",1,0,0,0,0,0,0,2024,Spring,1
3020,UYGHUR 300,Readings in Uyghur Lang & Lit,East Asian Langs & Civ,"Gulina,Aizezi",0,1,0,0,0,0,0,2024,Spring,1
3021,VIETNAM 120B,Intermediate Vietnamese,East Asian Langs & Civ,"Le,Hoa",7,0,0,0,0,0,0,2024,Spring,7
3022,VIETNAM 130B,Advanced Vietnamese,East Asian Langs & Civ,"Le,Hoa",4,0,0,1,0,0,0,2024,Spring,5
3023,VIETNAM 91R,Supervised Reading and Researc,East Asian Langs & Civ,"Le,Hoa",1,0,0,0,0,0,0,2024,Spring,1
3024,VIETNAM BB,Elementary Vietnamese,East Asian Langs & Civ,"Le,Hoa",8,0,0,2,0,0,0,2024,Spring,10
3025,VIETNAM BB,Elementary Vietnamese,East Asian Langs & Civ,"Le,Hoa",5,1,0,4,0,0,0,2024,Spring,10
3038,WELSH 227,Welsh Bardic Poetry,Celtic Languages & Literatures,"Hunter,Thomas G",0,2,0,0,0,0,0,2024,Spring,2
3039,WOLOF 101BR,Advanced Wolof II,African & African Amer Studies,"Mugane,John M",1,2,0,0,0,0,0,2024,Spring,3
3040,WOLOF BB,Intermediate Wolof,African & African Amer Studies,"Mugane,John M",0,1,0,1,0,0,0,2024,Spring,2
3050,WSTAFRCN AB,Elementary West African Pidgin,African & African Amer Studies,"Mugane,John M",18,0,0,0,0,0,0,2024,Spring,18
3051,YIDDISH 115,The Yiddish Short Story,Near Eastern Languages & Civ,"Zaritt,Saul",1,2,0,2,0,0,0,2024,Spring,5
3052,YIDDISH 166,Politics of Laughter,Near Eastern Languages & Civ,"Zaritt,Saul",6,0,0,1,0,0,0,2024,Spring,7
3053,YIDDISH AB,Elementary Yiddish II,Near Eastern Languages & Civ,"Feldman,Sara",1,0,0,0,0,0,0,2024,Spring,1
3054,YIDDISH BB,Intermediate Yiddish II,Near Eastern Languages & Civ,"Feldman,Sara",0,0,0,0,0,1,0,2024,Spring,1
3055,YIDDISH CA,Advanced Yiddish I,Near Eastern Languages & Civ,"Feldman,Sara",1,0,0,0,0,0,0,2024,Spring,1
3056,YORUBA 101BR,Reading in Yoruba II,African & African Amer Studies,"Mugane,John M",2,0,0,0,0,0,0,2024,Spring,2
3057,YORUBA AB,Elementary Yoruba,African & African Amer Studies,"Mugane,John M",4,0,0,5,0,0,0,2024,Spring,9
3058,YORUBA BB,Intermediate Yoruba,African & African Amer Studies,"Mugane,John M",2,0,0,1,0,0,0,2024,Spring,3
3059,ZULU 101BR,Advanced Zulu II,African & African Amer Studies,"Mugane,John M",1,0,0,0,0,0,0,2024,Spring,1
3060,ZULU AB,Elementary Zulu,African & African Amer Studies,"Mugane,John M",28,0,0,1,0,0,0,2024,Spring,29
3061,ZULU BB,Intermediate Zulu,African & African Amer Studies,"Mugane,John M",5,0,0,0,0,0,0,2024,Spring,5
24,AFRIKAAN AA,Elementary Afrikaans,African & African Amer Studies,"Mugane,John M",10,0,0,0,0,0,0,2024,Fall,10
65,AKKAD 120R,Intermediate Akkadian,Near Eastern Languages & Civ,"Debourse,Celine Hilde Ilse",0,0,0,0,0,0,0,2024,Fall,0
66,AKKAD AA,Introductory Akkadian I,Near Eastern Languages & Civ,"Debourse,Celine Hilde Ilse",1,1,0,0,0,0,0,2024,Fall,2
67,ALBANIAN CA,Advanced Modern Albanian I,Near Eastern Languages & Civ,"Uthman,Nader",2,0,0,0,0,1,0,2024,Fall,3
68,AMHARIC 101AR,Advanced Amharic,African & African Amer Studies,"Mugane,John M",5,0,0,1,0,0,0,2024,Fall,6
69,AMHARIC AA,Elementary Amharic,African & African Amer Studies,"Mugane,John M",4,0,0,4,0,0,0,2024,Fall,8
70,AMHARIC BA,Intermediate Amharic,African & African Amer Studies,"Mugane,John M",5,0,0,1,0,0,0,2024,Fall,6
178,ARABIC 130A,Upper-Level Classical Arabic I,Near Eastern Languages & Civ,"Habib,Muhammad Ahmad",3,2,0,0,0,0,0,2024,Fall,5
179,ARABIC 131A,Upper-Level Modern Arabic l,Near Eastern Languages & Civ,"Khalaf Ahmed,Aya Mohammed",5,2,0,0,0,0,0,2024,Fall,7
180,ARABIC 131A,Upper-Level Modern Arabic l,Near Eastern Languages & Civ,"Madi,Amr Abdelhadi Elsayed",8,2,0,0,0,0,0,2024,Fall,10
181,ARABIC 132,Adv Composition & Grammar,Near Eastern Languages & Civ,"Habib,Muhammad Ahmad",1,1,0,1,0,0,0,2024,Fall,3
182,ARABIC 241AR,Advanced Modern Arabic Bridge,Near Eastern Languages & Civ,"Uthman,Nader",2,1,0,0,0,0,0,2024,Fall,3
183,ARABIC 242AR,Arabic Five,Near Eastern Languages & Civ,"Madi,Amr Abdelhadi Elsayed",1,1,1,0,0,0,0,2024,Fall,3
184,ARABIC 243CR,Kafiya Advanced Arabic Grammar,Near Eastern Languages & Civ,"Nasser,Shady Hekmat",0,2,1,0,0,0,0,2024,Fall,3
185,ARABIC 243DR,Islamic Religious Sciences,Near Eastern Languages & Civ,"Nasser,Shady Hekmat",0,2,1,2,0,0,0,2024,Fall,5
186,ARABIC AA,Elementary Arabic I,Near Eastern Languages & Civ,"Malhas,Dana Ahmad Atef",6,5,0,2,0,0,0,2024,Fall,13
187,ARABIC AA,Elementary Arabic I,Near Eastern Languages & Civ,"Malhas,Dana Ahmad Atef",14,0,0,0,0,0,0,2024,Fall,14
188,ARABIC AA,Elementary Arabic I,Near Eastern Languages & Civ,"Malhas,Dana Ahmad Atef",9,1,0,1,0,0,0,2024,Fall,11
189,ARABIC AA,Elementary Arabic I,Near Eastern Languages & Civ,"Khalaf Ahmed,Aya Mohammed",11,1,0,0,0,0,0,2024,Fall,12
190,ARABIC AA,Elementary Arabic I,Near Eastern Languages & Civ,"Leafgren,Luke",8,4,0,0,0,0,0,2024,Fall,12
191,ARABIC AB,Elementary Arabic II,Near Eastern Languages & Civ,"Uthman,Nader",6,1,0,1,0,0,0,2024,Fall,8
192,ARABIC BA,Intermediate Arabic I,Near Eastern Languages & Civ,"Madi,Amr Abdelhadi Elsayed",3,2,0,1,0,0,0,2024,Fall,6
193,ARABIC BA,Intermediate Arabic I,Near Eastern Languages & Civ,"Uthman,Nader",5,1,0,0,0,0,0,2024,Fall,6
194,ARABIC BA,Intermediate Arabic I,Near Eastern Languages & Civ,"Khalaf Ahmed,Aya Mohammed",3,0,0,0,0,0,0,2024,Fall,3
195,ARMEN 241R,Readings in Modern Armenian Li,Near Eastern Languages & Civ,"Gulesserian,Lisa",0,1,0,0,0,0,0,2024,Fall,1
196,ARMEN AA,Elem Modern Western Armenian I,Near Eastern Languages & Civ,"Gulesserian,Lisa",1,0,0,0,0,0,0,2024,Fall,1
197,ARMEN CA,Adv. Modern Western Armenian,Near Eastern Languages & Civ,"Gulesserian,Lisa",1,0,0,0,0,0,0,2024,Fall,1
198,ARMENST 300,Reading/Research: Armenian Std,Near Eastern Languages & Civ,"Maranci,Christina",0,1,0,0,0,0,0,2024,Fall,1
291,BCS AA,Elementary BCS I,Slavic Languages & Literatures,"Kuzmic,Tatiana",1,0,0,1,0,1,0,2024,Fall,3
292,BCS BA,Intermediate BCS I,Slavic Languages & Literatures,"Kuzmic,Tatiana",0,0,0,1,0,0,0,2024,Fall,1
293,BCS CR,Advanced BCS,Slavic Languages & Literatures,"Kuzmic,Tatiana",1,0,0,1,0,0,0,2024,Fall,2
294,BCS CR,Advanced BCS,Slavic Languages & Literatures,"Kuzmic,Tatiana",3,0,0,0,0,0,0,2024,Fall,3
298,BI 101A,Beginning Indonesian,South Asian Studies,"Suryani,Sakti",0,1,0,0,0,0,0,2024,Fall,1
299,BI 102A,Intermediate Indonesian,South Asian Studies,"Suryani,Sakti",1,1,0,0,0,0,0,2024,Fall,2
300,BI 103A,Advanced Indonesian,South Asian Studies,"Suryani,Sakti",0,1,0,2,0,1,0,2024,Fall,4
398,CATALAN 10,Introduction to Catalan,Romance Languages & Lit,"Aguirre-Oteiza,Daniel",2,0,0,0,0,0,0,2024,Fall,2
430,CHAGATAY A,Elementary Chaghatay,East Asian Langs & Civ,"Gulina,Aizezi",0,4,0,1,0,0,0,2024,Fall,5
506,CHNSE 106A,Intro to Literary Sinitic,East Asian Langs & Civ,"Wild,Matthew",1,4,0,0,0,0,0,2024,Fall,5
507,CHNSE 107A,Intermediate Literary Sinitic,East Asian Langs & Civ,"Wild,Matthew",0,4,0,2,0,0,0,2024,Fall,6
508,CHNSE 120A,Intermediate Modern Chinese,East Asian Langs & Civ,"Wang,Ying-Chieh",12,0,0,0,0,0,0,2024,Fall,12
509,CHNSE 120A,Intermediate Modern Chinese,East Asian Langs & Civ,"Wang,Ying-Chieh",11,1,0,1,0,1,0,2024,Fall,14
510,CHNSE 120A,Intermediate Modern Chinese,East Asian Langs & Civ,"Wang,Ying-Chieh",16,1,0,0,0,0,0,2024,Fall,17
511,CHNSE 130A,Pre-Advanced Modern Chinese,East Asian Langs & Civ,"Yang,Bin",13,2,0,0,0,0,0,2024,Fall,15
512,CHNSE 130A,Pre-Advanced Modern Chinese,East Asian Langs & Civ,"Yang,Bin",6,0,0,1,0,1,0,2024,Fall,8
513,CHNSE 130A,Pre-Advanced Modern Chinese,East Asian Langs & Civ,"Yang,Bin",7,0,0,0,0,0,0,2024,Fall,7
514,CHNSE 130XA,Pre-Adv Mod Chin for High-Prof,East Asian Langs & Civ,"Yang,Shunan",6,2,0,0,0,0,0,2024,Fall,8
515,CHNSE 130XA,Pre-Adv Mod Chin for High-Prof,East Asian Langs & Civ,"Yang,Shunan",8,0,0,0,0,0,0,2024,Fall,8
516,CHNSE 136R,Intro to Chinese in Humanities,East Asian Langs & Civ,"Liu,Jennifer Li-Chia",9,0,0,1,0,0,0,2024,Fall,10
517,CHNSE 140A,Advanced Modern Chinese,East Asian Langs & Civ,"Chen,Xiaocheng",2,0,0,0,0,0,0,2024,Fall,2
518,CHNSE 140A,Advanced Modern Chinese,East Asian Langs & Civ,"Chen,Xiaocheng",3,0,0,0,0,0,0,2024,Fall,3
519,CHNSE 140XA,Adv Mod Chin for High-Prof,East Asian Langs & Civ,"Lin,Ming Lei",1,1,0,0,0,0,0,2024,Fall,2
520,CHNSE 140XA,Adv Mod Chin for High-Prof,East Asian Langs & Civ,"Lin,Ming Lei",8,0,0,0,0,0,0,2024,Fall,8
521,CHNSE 142A,Advanced Conversational Chines,East Asian Langs & Civ,"Cai,Jing",1,1,0,2,0,0,0,2024,Fall,4
522,CHNSE 150A,Reads & Disc in Acad Prof Chin,East Asian Langs & Civ,"Cai,Jing",5,1,0,0,0,0,0,2024,Fall,6
523,CHNSE 300,Reading and Research,East Asian Langs & Civ,"Bol,Peter K.",0,2,0,0,0,0,0,2024,Fall,2
524,CHNSE 300,Reading and Research,East Asian Langs & Civ,"Elliott,Mark C.",1,4,0,0,0,0,0,2024,Fall,5
525,CHNSE 300,Reading and Research,East Asian Langs & Civ,"Li,Wai-yee",0,1,0,0,0,0,0,2024,Fall,1
526,CHNSE 300,Reading and Research,East Asian Langs & Civ,"Tian,Xiaofei",0,4,0,0,0,0,0,2024,Fall,4
527,CHNSE 300,Reading and Research,East Asian Langs & Civ,"Wang,David",0,2,0,0,0,0,0,2024,Fall,2
528,CHNSE BA,Elementary Modern Chinese,East Asian Langs & Civ,"Zhang,Fangzheng",13,3,0,1,0,0,0,2024,Fall,17
529,CHNSE BA,Elementary Modern Chinese,East Asian Langs & Civ,"Zhang,Fangzheng",7,0,0,1,0,0,0,2024,Fall,8
530,CHNSE BA,Elementary Modern Chinese,East Asian Langs & Civ,"Zhang,Fangzheng",13,0,0,1,0,0,0,2024,Fall,14
531,CHNSE BA,Elementary Modern Chinese,East Asian Langs & Civ,"Zhang,Fangzheng",6,0,0,0,0,0,0,2024,Fall,6
532,CHNSE BA,Elementary Modern Chinese,East Asian Langs & Civ,"Zhang,Fangzheng",10,2,0,1,0,0,0,2024,Fall,13
533,CHNSE BA,Elementary Modern Chinese,East Asian Langs & Civ,"Zhang,Fangzheng",4,0,0,1,0,0,0,2024,Fall,5
534,CHNSE BX,Elem Chinese for Adv Beginners,East Asian Langs & Civ,"Du,Landon (Yuxiao)",7,0,0,1,0,0,0,2024,Fall,8
535,CHNSE BX,Elem Chinese for Adv Beginners,East Asian Langs & Civ,"Du,Landon (Yuxiao)",11,0,0,0,0,0,0,2024,Fall,11
536,CHNSE BX,Elem Chinese for Adv Beginners,East Asian Langs & Civ,"Du,Landon (Yuxiao)",7,0,0,0,0,1,0,2024,Fall,8
544,CLAS-HEB 120A,Intermediate Classical Hebrew,Near Eastern Languages & Civ,"Olivero,Vladimir",1,0,0,0,0,0,0,2024,Fall,1
545,CLAS-HEB 130AR,Rapid Reading Class Hebrew I,Near Eastern Languages & Civ,"Rhyder,Julia Victoria",0,1,0,0,0,0,0,2024,Fall,1
546,CLAS-HEB AA,Elementary Classical Hebrew I,Near Eastern Languages & Civ,"Olivero,Vladimir",3,1,0,0,0,0,0,2024,Fall,4
677,CZCH AA,Elementary Czech I,Slavic Languages & Literatures,"Tuckerova,Veronika",2,1,0,0,0,0,0,2024,Fall,3
678,CZCH BA,Intermediate Czech I,Slavic Languages & Literatures,"Tuckerova,Veronika",1,0,0,0,0,0,0,2024,Fall,1
679,CZCH BA,Intermediate Czech I,Slavic Languages & Literatures,"Tuckerova,Veronika",2,0,0,0,0,0,0,2024,Fall,2
680,CZCH CR,Advanced Czech,Slavic Languages & Literatures,"Tuckerova,Veronika",1,1,0,0,0,0,0,2024,Fall,2
681,CZCH CR,Advanced Czech,Slavic Languages & Literatures,"Tuckerova,Veronika",0,1,0,0,0,0,0,2024,Fall,1
867,EGYPTARB 101AR,Advanced Egyptian Arabic,African & African Amer Studies,"Mugane,John M",0,0,0,1,0,0,0,2024,Fall,1
868,EGYPTARB AA,Elementary Egyptian Arabic,African & African Amer Studies,"Mugane,John M",0,0,0,2,0,0,0,2024,Fall,2
869,EGYPTARB BA,Intermediate Egyptian Arabic,African & African Amer Studies,"Mugane,John M",0,1,0,0,0,0,0,2024,Fall,1
870,EGYPTIAN 150,Voices from the Nile,Near Eastern Languages & Civ,"Manuelian,Peter Der",1,0,0,0,0,0,0,2024,Fall,1
871,EGYPTIAN 200,Egyptian Text Reading,Near Eastern Languages & Civ,"Manuelian,Peter Der",0,2,0,0,0,0,0,2024,Fall,2
872,EGYPTIAN 227,Critical Readings: Egyptology,Near Eastern Languages & Civ,"Manuelian,Peter Der",1,2,0,0,0,0,0,2024,Fall,3
873,EGYPTIAN AA,The Language of the Pharaohs,Near Eastern Languages & Civ,"Manuelian,Peter Der",5,0,0,3,0,0,0,2024,Fall,8
1152,FRENCH 10,Beginning French I,Romance Languages & Lit,"Mills,Nicole",9,0,0,0,0,0,1,2024,Fall,8
1153,FRENCH 10,Beginning French I,Romance Languages & Lit,"Mills,Nicole",9,2,0,0,0,0,0,2024,Fall,11
1154,FRENCH 10,Beginning French I,Romance Languages & Lit,"Mills,Nicole",6,0,0,2,0,0,0,2024,Fall,8
1155,FRENCH 11,Beginning French II,Romance Languages & Lit,"Mills,Nicole",8,0,0,1,0,1,0,2024,Fall,10
1156,FRENCH 11,Beginning French II,Romance Languages & Lit,"Mills,Nicole",0,0,0,0,0,0,0,2024,Fall,0
1157,FRENCH 116,Balzac and Modern French Novel,Romance Languages & Lit,"Frydman,Hannah",1,1,0,0,0,0,0,2024,Fall,2
1158,FRENCH 153,The Contemporary French Novel,Romance Languages & Lit,"Kim,Annabel",5,4,0,1,0,0,0,2024,Fall,10
1159,FRENCH 16,Reading French for Research,Romance Languages & Lit,"Mills,Nicole",0,2,0,1,0,0,0,2024,Fall,3
1160,FRENCH 160,The Laboratory Island,Romance Languages & Lit,"Rungoo,Usha",9,4,0,1,0,0,0,2024,Fall,14
1161,FRENCH 20,Intermediate French,Romance Languages & Lit,"Turman,Karen",7,1,0,0,0,0,0,2024,Fall,8
1162,FRENCH 20,Intermediate French,Romance Languages & Lit,"Turman,Karen",8,0,0,0,0,0,0,2024,Fall,8
1163,FRENCH 20,Intermediate French,Romance Languages & Lit,"Turman,Karen",6,0,0,0,0,0,0,2024,Fall,6
1164,FRENCH 227,(Dark) Ecologies in French Lit,Romance Languages & Lit,"Oliver,Jennifer",3,4,0,1,0,0,0,2024,Fall,8
1165,FRENCH 30,Upper-level French,Romance Languages & Lit,"Brisson,Claire-Marie",5,0,0,0,0,0,0,2024,Fall,5
1166,FRENCH 30,Upper-level French,Romance Languages & Lit,"Brisson,Claire-Marie",5,0,0,0,0,0,0,2024,Fall,5
1167,FRENCH 30,Upper-level French,Romance Languages & Lit,"Brisson,Claire-Marie",9,1,0,0,0,0,0,2024,Fall,10
1168,FRENCH 40,Advanced French I,Romance Languages & Lit,"Brisson,Claire-Marie",7,0,0,0,0,0,0,2024,Fall,7
1169,FRENCH 40,Advanced French I,Romance Languages & Lit,"Brisson,Claire-Marie",14,0,0,0,0,0,0,2024,Fall,14
1170,FRENCH 50,Advanced French II,Romance Languages & Lit,"Turman,Karen",9,0,0,2,0,0,0,2024,Fall,11
1171,FRENCH 50,Advanced French II,Romance Languages & Lit,"Turman,Karen",4,0,0,1,0,0,0,2024,Fall,5
1172,FRENCH 64,French Lang in North America,Romance Languages & Lit,"Brisson,Claire-Marie",5,1,0,1,0,0,0,2024,Fall,7
1173,FRENCH 64,French Lang in North America,Romance Languages & Lit,"Brisson,Claire-Marie",5,0,0,0,0,0,0,2024,Fall,5
1174,FRENCH 74,Moving Images:Global narrativ,Romance Languages & Lit,"Rungoo,Usha",17,0,0,1,0,0,0,2024,Fall,18
1175,FRENCH 80QH,Queer Histories and Fictions,Romance Languages & Lit,"Frydman,Hannah",1,0,0,0,0,0,0,2024,Fall,1
1176,FRENCH 88,Comic Relief: Power of Humor,Romance Languages & Lit,"Richman,Kathy A.",5,0,0,0,0,0,0,2024,Fall,5
1177,FRENCH 99A,Tutorial - Senior Year,Romance Languages & Lit,"Kim,Annabel",3,0,0,0,0,0,0,2024,Fall,3
1178,FT 101A,Elementary Filipino I,South Asian Studies,"Orsal,Lady Aileen",7,0,0,5,0,0,0,2024,Fall,12
1179,FT 102A,Intermediate Filipino I,South Asian Studies,"Orsal,Lady Aileen",4,0,0,1,0,0,0,2024,Fall,5
1180,FT 103AR,Advanced Filipino,South Asian Studies,"Orsal,Lady Aileen",4,1,0,1,0,0,0,2024,Fall,6
1259,GEEZ AA,Elementary Geez,African & African Amer Studies,"Mugane,John M",2,0,0,1,0,0,0,2024,Fall,3
1324,GERMAN 10A,Beginning German,Germanic Languages & Lit,"Parkes,Lisa",5,1,0,1,0,0,0,2024,Fall,7
1325,GERMAN 10A,Beginning German,Germanic Languages & Lit,"Parkes,Lisa",6,0,0,0,0,0,0,2024,Fall,6
1326,GERMAN 10AB,Beginning German (Intensive),Germanic Languages & Lit,"Parkes,Lisa",4,5,0,2,0,0,0,2024,Fall,11
1327,GERMAN 113,Your Brain on Poetry,Germanic Languages & Lit,"Dymek,Anne",2,0,0,0,0,0,0,2024,Fall,2
1328,GERMAN 126,Fairy Tales,Germanic Languages & Lit,"Pirozhenko,Ekaterina Petrovna",8,1,0,0,0,0,0,2024,Fall,9
1329,GERMAN 181,Walter Benjamin's Modernity,Germanic Languages & Lit,"Stewart,William Joseph",18,7,0,2,0,0,0,2024,Fall,27
1330,GERMAN 20A,Intermediate German,Germanic Languages & Lit,"Parkes,Lisa",3,4,0,0,0,0,0,2024,Fall,7
1331,GERMAN 20A,Intermediate German,Germanic Languages & Lit,"Parkes,Lisa",3,0,0,0,0,0,0,2024,Fall,3
1332,GERMAN 20AB,Intermediate German: Intensive,Germanic Languages & Lit,"Parkes,Lisa",3,2,0,0,0,0,0,2024,Fall,5
1333,GERMAN 20B,Intermediate German,Germanic Languages & Lit,"Parkes,Lisa",2,0,0,0,0,0,0,2024,Fall,2
1334,GERMAN 291,Questions of Theory,Germanic Languages & Lit,"Suetterlin,Nicole",1,1,0,1,0,0,0,2024,Fall,3
1335,GERMAN 300,Dissertation,Germanic Languages & Lit,"Hamilton,John T.",0,2,0,0,0,0,0,2024,Fall,2
1336,GERMAN 300,Dissertation,Germanic Languages & Lit,"Hamilton,John T.",0,1,0,0,0,0,0,2024,Fall,1
1337,GERMAN 300,Dissertation,Germanic Languages & Lit,"Burgard,Peter J.",0,1,0,0,0,0,0,2024,Fall,1
1338,GERMAN 310,Teaching,Germanic Languages & Lit,"Hamilton,John T.",0,3,0,0,0,0,0,2024,Fall,3
1339,GERMAN 320,Course-Related Work,Germanic Languages & Lit,"Hamilton,John T.",0,1,0,0,0,0,0,2024,Fall,1
1340,GERMAN 61,Advanced Grammar and Reading,Germanic Languages & Lit,"Dymek,Anne",5,0,0,0,0,0,0,2024,Fall,5
1341,GERMAN 61,Advanced Grammar and Reading,Germanic Languages & Lit,"Dymek,Anne",4,0,0,0,0,0,0,2024,Fall,4
1342,GERMAN 67,Esskultur auf Deutsch,Germanic Languages & Lit,"Pirozhenko,Ekaterina Petrovna",5,0,0,2,0,0,0,2024,Fall,7
1343,GERMAN 90R,Dutch,Germanic Languages & Lit,"Parkes,Lisa",0,1,0,0,0,0,0,2024,Fall,1
1344,GERMAN 90R,Dutch,Germanic Languages & Lit,"Parkes,Lisa",1,0,0,0,0,0,0,2024,Fall,1
1416,GREEK 1,Introductory Ancient Greek 1,"Classics, The","Asraf,Nadav",11,2,0,1,0,0,0,2024,Fall,14
1417,GREEK 10,Intro. to Ancient Greek Lit.,"Classics, The","Asraf,Nadav",2,3,0,0,0,0,0,2024,Fall,5
1418,GREEK 110,Plato,"Classics, The","Schiefsky,Mark",0,2,0,0,0,0,0,2024,Fall,2
1419,GREEK 112A,Anc.Greek Lit Texts & Contexts,"Classics, The","Weiss,Naomi A",4,4,0,0,0,0,0,2024,Fall,8
1420,GREEK 134,The Language of Homer,"Classics, The","Rau,Jeremy",3,1,0,0,0,0,0,2024,Fall,4
1421,GREEK 187,Greek Palaeography,"Classics, The","Riehle,Alexander",4,1,0,0,0,0,0,2024,Fall,5
1422,GREEK 3,Introductory Ancient Greek 3,"Classics, The","Asraf,Nadav",6,1,0,0,0,0,0,2024,Fall,7
1423,GRGN AR,Elementary Georgian,Slavic Languages & Literatures,"Shanava,Mzia",0,0,0,0,0,0,0,2024,Fall,0
1424,GRGN AR,Elementary Georgian,Slavic Languages & Literatures,"Shanava,Mzia",1,1,0,0,0,0,0,2024,Fall,2
1425,GRGN BR,Intermediate Georgian,Slavic Languages & Literatures,"Shanava,Mzia",0,1,0,0,0,0,0,2024,Fall,1
1426,GRGN BR,Intermediate Georgian,Slavic Languages & Literatures,"Shanava,Mzia",0,0,0,1,0,0,0,2024,Fall,1
1427,GRGN CR,Advanced Georgian,Slavic Languages & Literatures,"Shanava,Mzia",0,1,0,0,0,0,0,2024,Fall,1
1472,HAITIAN AA,Elementary Haitian Creole,African & African Amer Studies,"Mugane,John M",1,1,0,0,0,0,0,2024,Fall,2
1473,HAITIAN BA,Intermediate Haitian Creole,African & African Amer Studies,"Mugane,John M",1,1,0,1,0,0,0,2024,Fall,3
1474,HAUSA AA,Elementary Hausa,African & African Amer Studies,Unknown,0,0,0,0,0,0,0,2024,Fall,0
1526,HEBREW 256,Poetics Biblical Composition,Near Eastern Languages & Civ,"Teeter,Andrew",0,2,0,0,0,0,0,2024,Fall,2
1527,HEBREW 258,The History of God,Near Eastern Languages & Civ,"Rhyder,Julia Victoria",0,3,0,0,0,0,0,2024,Fall,3
1528,HIND-URD 101A,Introductory Hindi-Urdu,South Asian Studies,"Patil,Parimal G.",6,0,0,3,0,0,0,2024,Fall,9
1529,HIND-URD 101A,Introductory Hindi-Urdu,South Asian Studies,"Patil,Parimal G.",5,3,0,1,0,0,0,2024,Fall,9
1530,HIND-URD 102A,Intermediate Hindi-Urdu,South Asian Studies,"Delacy,Richard Somers",11,0,0,2,0,0,0,2024,Fall,13
1531,HIND-URD 102A,Intermediate Hindi-Urdu,South Asian Studies,"Delacy,Richard Somers",2,0,0,0,0,0,0,2024,Fall,2
1532,HIND-URD 103AR,Advanced Hindi-Urdu,South Asian Studies,"Kovacs,Hajnalka",0,0,0,1,0,0,0,2024,Fall,1
1533,HIND-URD 104,Classical Urdu Ghazal,South Asian Studies,"Kovacs,Hajnalka",2,0,0,0,0,0,0,2024,Fall,2
1534,HIND-URD 105R,Topics in Hindi-Urdu Literatur,South Asian Studies,"Kovacs,Hajnalka",0,1,0,0,0,0,0,2024,Fall,1
1715,IGBO AA,Elementary Igbo,African & African Amer Studies,"Mugane,John M",4,1,0,4,0,0,0,2024,Fall,9
1716,IGBO BA,Intermediate Igbo,African & African Amer Studies,"Mugane,John M",4,0,0,0,0,0,0,2024,Fall,4
1756,IRISH 132,Introduction to Modern Irish,Celtic Languages & Literatures,"Sumner,Natasha",2,2,0,0,0,0,0,2024,Fall,4
1757,IRISH 160R,Advanced Modern Irish,Celtic Languages & Literatures,"Frykenberg,Brian Robert",2,2,0,0,0,0,0,2024,Fall,4
1758,IRISH 205R,Readings in Early Irish Prose,Celtic Languages & Literatures,"Nagy,Joseph F",0,4,0,0,0,0,0,2024,Fall,4
1764,ITAL 10,Beginning Italian I,Romance Languages & Lit,"Trebaiocchi,Chiara",7,1,0,1,0,0,0,2024,Fall,9
1765,ITAL 10,Beginning Italian I,Romance Languages & Lit,"Trebaiocchi,Chiara",8,1,0,0,0,0,0,2024,Fall,9
1766,ITAL 11,Beginning Italian II,Romance Languages & Lit,"Trebaiocchi,Chiara",8,0,0,1,0,0,0,2024,Fall,9
1767,ITAL 116,Renaissance Revolutions,Romance Languages & Lit,"Erspamer,Francesco",6,3,0,1,0,0,0,2024,Fall,10
1768,ITAL 138,Cosmos of the Divine Comedy,Romance Languages & Lit,Unknown,0,0,0,0,0,0,0,2024,Fall,0
1769,ITAL 15,Intensive Beginning Italian,Romance Languages & Lit,"Trebaiocchi,Chiara",2,1,0,0,0,0,0,2024,Fall,3
1770,ITAL 20,Intermediate Italian,Romance Languages & Lit,"Trebaiocchi,Chiara",7,3,0,3,0,0,0,2024,Fall,13
1771,ITAL 30,Upper-Level Italian,Romance Languages & Lit,"Trebaiocchi,Chiara",1,0,0,2,0,0,0,2024,Fall,3
1772,ITAL 40,Advanced Italian I,Romance Languages & Lit,"Trebaiocchi,Chiara",9,1,0,0,0,0,0,2024,Fall,10
1773,ITAL 91R,Supervised Reading and Researc,Romance Languages & Lit,"Camozzi Pistoja,Ambrogio",2,0,0,0,0,0,0,2024,Fall,2
1774,JAMAICAN AA,Elementary Jamaican Patois,African & African Amer Studies,"Mugane,John M",5,0,0,0,0,0,0,2024,Fall,5
1775,JAPAN 106A,Classical Japanese,East Asian Langs & Civ,"Truscott,Danica Marie",1,5,0,0,0,0,0,2024,Fall,6
1776,JAPAN 106D,Kana and Kanbun,East Asian Langs & Civ,"Truscott,Danica Marie",0,3,0,0,0,0,0,2024,Fall,3
1777,JAPAN 120A,Intermediate Japanese I,East Asian Langs & Civ,"Sakomura,Yuki",8,2,0,2,0,0,0,2024,Fall,12
1778,JAPAN 120A,Intermediate Japanese I,East Asian Langs & Civ,"Sakomura,Yuki",5,2,0,0,0,0,0,2024,Fall,7
1779,JAPAN 130A,Intermediate Japanese II,East Asian Langs & Civ,"Takehara,Chikako",2,8,0,1,0,0,0,2024,Fall,11
1780,JAPAN 130A,Intermediate Japanese II,East Asian Langs & Civ,"Takehara,Chikako",4,1,0,1,0,0,0,2024,Fall,6
1781,JAPAN 140A,Advanced Modern Japanese,East Asian Langs & Civ,"Asakura,Naomi",2,3,0,1,0,0,0,2024,Fall,6
1782,JAPAN 140A,Advanced Modern Japanese,East Asian Langs & Civ,"Asakura,Naomi",4,1,0,2,0,0,0,2024,Fall,7
1783,JAPAN 150A,Reads & Discus Jpn Soc Sci,East Asian Langs & Civ,"Asakura,Naomi",2,1,0,2,0,0,0,2024,Fall,5
1784,JAPAN BA,Elementary Japanese,East Asian Langs & Civ,"Kageyama-Hunt,Yuko",8,4,0,1,0,1,0,2024,Fall,14
1785,JAPAN BA,Elementary Japanese,East Asian Langs & Civ,"Kageyama-Hunt,Yuko",7,5,0,3,0,0,0,2024,Fall,15
1786,JAPAN BA,Elementary Japanese,East Asian Langs & Civ,"Kageyama-Hunt,Yuko",6,0,0,3,0,1,0,2024,Fall,10
1793,KINYARWA BA,Intermediate Kinyarwanda,African & African Amer Studies,"Mugane,John M",0,0,0,1,0,0,0,2024,Fall,1
1794,KOREAN 120A,Intermediate Korean,East Asian Langs & Civ,"Noh,Ahsil",14,0,0,1,0,0,0,2024,Fall,15
1795,KOREAN 130A,Pre-advanced Korean,East Asian Langs & Civ,"Oh,Kyoungwon",10,0,0,1,0,0,0,2024,Fall,11
1796,KOREAN 130XA,Pre-Adv Mod Kor for High-Prof,East Asian Langs & Civ,"Kim,Hwanhee",6,0,0,0,0,0,0,2024,Fall,6
1797,KOREAN 140A,Advanced Korean,East Asian Langs & Civ,"Noh,Ahsil",2,1,0,1,0,0,0,2024,Fall,4
1798,KOREAN 150A,Readings in Cultural Studies,East Asian Langs & Civ,"Oh,Kyoungwon",0,0,0,1,0,0,0,2024,Fall,1
1799,KOREAN 300,Reading and Research,East Asian Langs & Civ,"Kim,Sun Joo",0,0,0,0,0,0,0,2024,Fall,0
1800,KOREAN 300,Reading and Research,East Asian Langs & Civ,"Park,Si Nae",0,1,0,0,0,0,0,2024,Fall,1
1801,KOREAN BA,Elementary Korean,East Asian Langs & Civ,"Kim,Hwanhee",15,2,0,2,0,0,0,2024,Fall,19
1802,KOREAN BA,Elementary Korean,East Asian Langs & Civ,"Kim,Hi-Sun Helen",17,1,0,1,0,0,0,2024,Fall,19
1803,KOREAN BA,Elementary Korean,East Asian Langs & Civ,"Kim,Hi-Sun Helen",6,2,0,2,0,1,0,2024,Fall,11
1804,KOREAN BX,Korean for Advanced Beginners,East Asian Langs & Civ,"Kim,Hi-Sun Helen",6,0,0,3,0,0,0,2024,Fall,9
1809,KURDISH BA,Intermediate Kurdish I,Near Eastern Languages & Civ,"Uthman,Nader",1,1,0,0,0,0,0,2024,Fall,2
1810,LATIN 1,Introductory Latin 1,"Classics, The","Livingston,Ivy",9,0,0,0,0,0,0,2024,Fall,9
1811,LATIN 1,Introductory Latin 1,"Classics, The","Livingston,Ivy",11,1,0,1,0,0,0,2024,Fall,13
1812,LATIN 10,Intro. to Latin Literature,"Classics, The","Livingston,Ivy",3,0,0,0,0,0,0,2024,Fall,3
1813,LATIN 106B,Virgil's Aeneid,"Classics, The","Thomas,Richard F.",11,2,0,0,0,0,0,2024,Fall,13
1814,LATIN 146,Ciceronian Invective,"Classics, The","Peirano Garrison,Irene",7,1,0,0,0,0,0,2024,Fall,8
1815,LATIN 175,Syntax and Style,"Classics, The","Hudson,Jared M",7,2,0,0,0,0,0,2024,Fall,9
1816,LATIN 3,Introductory Latin 3,"Classics, The","Livingston,Ivy",7,2,0,1,0,0,0,2024,Fall,10
1858,MANCHU 120A,Intermediate Manchu,East Asian Langs & Civ,"Elliott,Mark C.",0,3,0,1,0,0,0,2024,Fall,4
2018,MEDLATIN 208,Folk and Learned Literature,"Classics, The","Ziolkowski,Jan M.",2,2,0,0,0,0,0,2024,Fall,4
2050,MOD-HEB 120A,Intermediate Modern Hebrew I,Near Eastern Languages & Civ,"Bechor,Ran Teodor",6,0,0,0,0,0,0,2024,Fall,6
2051,MOD-HEB 130A,Advanced Modern Hebrew I,Near Eastern Languages & Civ,"Uthman,Nader",3,0,0,0,0,0,0,2024,Fall,3
2052,MOD-HEB 241R,Fourth-Year Modern Hebrew,Near Eastern Languages & Civ,"Uthman,Nader",2,0,0,1,0,0,0,2024,Fall,3
2053,MOD-HEB BA,Elementary Modern Hebrew I,Near Eastern Languages & Civ,"Bechor,Ran Teodor",4,0,0,1,0,0,0,2024,Fall,5
2054,MODGRK 10,Intro to Modern Greek Texts,"Classics, The",Unknown,0,0,0,0,0,0,0,2024,Fall,0
2055,MODGRK 90,Modern Greek Language Tutorial,"Classics, The","Ntapalis,Andrew Harrison",0,2,0,0,0,0,0,2024,Fall,2
2056,MODGRK AA,Elementary Modern Greek,"Classics, The","Ntapalis,Andrew Harrison",4,1,0,0,0,0,0,2024,Fall,5
2057,MODGRK BA,Intermediate Modern Greek,"Classics, The","Ntapalis,Andrew Harrison",2,0,0,2,0,0,0,2024,Fall,4
2122,NEP 104A,Readings in Modern Nepali Lit,South Asian Studies,"Patil,Parimal G.",1,0,0,0,0,0,0,2024,Fall,1
2235,OROMO AA,Elementary Oromo,African & African Amer Studies,"Mugane,John M",1,0,0,2,0,0,0,2024,Fall,3
2236,OROMO BA,Intermediate Oromo,African & African Amer Studies,"Mugane,John M",4,0,0,0,0,0,0,2024,Fall,4
2238,PERSIAN 108,Persian Sufi Literature,Near Eastern Languages & Civ,"Boylston,Nicholas John",4,0,0,7,0,0,0,2024,Fall,11
2239,PERSIAN 130AR,Advanced Persian I,Near Eastern Languages & Civ,"Ebrahimian,Mojtaba",3,0,0,0,0,0,0,2024,Fall,3
2240,PERSIAN 222R,Classical Persian Expos. Prose,Near Eastern Languages & Civ,"Boylston,Nicholas John",0,6,1,0,0,0,0,2024,Fall,7
2241,PERSIAN 300,Persian Language & Literature,Near Eastern Languages & Civ,"Boylston,Nicholas John",0,0,0,1,0,0,0,2024,Fall,1
2242,PERSIAN AA,Elementary Persian I,Near Eastern Languages & Civ,"Ebrahimian,Mojtaba",3,2,0,3,0,0,0,2024,Fall,8
2243,PERSIAN BA,Intermediate Persian I,Near Eastern Languages & Civ,"Ebrahimian,Mojtaba",0,2,0,5,0,0,0,2024,Fall,7
2399,PLSH AA,Elementary Polish I,Slavic Languages & Literatures,"Kovalchuk,Iryna",3,1,0,2,0,0,0,2024,Fall,6
2400,PLSH BA,Intermediate Polish I,Slavic Languages & Literatures,"Kovalchuk,Iryna",0,1,0,0,0,0,0,2024,Fall,1
2401,PLSH CR,Advanced Polish,Slavic Languages & Literatures,"Kovalchuk,Iryna",0,4,0,0,0,1,0,2024,Fall,5
2402,PLSH CR,Advanced Polish,Slavic Languages & Literatures,"Kovalchuk,Iryna",2,0,0,0,0,0,0,2024,Fall,2
2403,PORTUG 10,Beginning Portuguese I,Romance Languages & Lit,"Soares,Cristiane",5,0,0,1,0,0,0,2024,Fall,6
2404,PORTUG 10S,Portuguese for Spanish Spkrs I,Romance Languages & Lit,"Soares,Cristiane",6,0,0,2,0,0,0,2024,Fall,8
2405,PORTUG 10S,Portuguese for Spanish Spkrs I,Romance Languages & Lit,"Soares,Cristiane",9,0,0,0,0,0,0,2024,Fall,9
2406,PORTUG 11S,Begin. Portug for Spnsh Spkrs,Romance Languages & Lit,"Soares,Cristiane",2,0,0,1,0,0,0,2024,Fall,3
2407,PORTUG 123A,Portuguese Literary Studies I,Romance Languages & Lit,"Blackmore,Josiah",0,0,0,0,0,0,0,2024,Fall,0
2408,PORTUG 15,Intensive Beginning Portuguese,Romance Languages & Lit,"Soares,Cristiane",1,0,0,2,0,0,0,2024,Fall,3
2409,PORTUG 20,Intermediate Portuguese,Romance Languages & Lit,"Soares,Cristiane",3,0,0,1,0,0,0,2024,Fall,4
2410,PORTUG 322,Literature of Portugal,Romance Languages & Lit,"Blackmore,Josiah",0,0,0,0,0,0,0,2024,Fall,0
2411,PORTUG 40,Advanced Portuguese I,Romance Languages & Lit,"Soares,Cristiane",8,0,0,0,0,0,0,2024,Fall,8
2616,RUSS 101,Third-Year Russian I,Slavic Languages & Literatures,"Egorova,Veronika A.",6,1,0,0,0,0,0,2024,Fall,7
2617,RUSS 101,Third-Year Russian I,Slavic Languages & Literatures,"Zalaltdinova,Liya",6,1,0,0,0,0,0,2024,Fall,7
2618,RUSS 111,Fourth-Year Russian,Slavic Languages & Literatures,"Zalaltdinova,Liya",2,1,0,0,0,0,0,2024,Fall,3
2619,RUSS 111,Fourth-Year Russian,Slavic Languages & Literatures,"Zalaltdinova,Liya",0,0,0,0,0,0,0,2024,Fall,0
2620,RUSS 113,Fourth-Year Russian,Slavic Languages & Literatures,"Mironava,Jenya",2,4,0,0,0,0,0,2024,Fall,6
2621,RUSS 113,Fourth-Year Russian,Slavic Languages & Literatures,"Mironava,Jenya",0,0,0,0,0,0,0,2024,Fall,0
2622,RUSS AA,Elementary Russian I,Slavic Languages & Literatures,"Clancy,Steven",4,1,1,0,0,0,0,2024,Fall,6
2623,RUSS AA,Elementary Russian I,Slavic Languages & Literatures,"Clancy,Steven",3,1,0,0,0,0,0,2024,Fall,4
2624,RUSS AAB,Elementary Russian (Intensive),Slavic Languages & Literatures,"Pastushenkov,Dmitrii",3,0,0,2,0,0,0,2024,Fall,5
2625,RUSS BA,Intermediate Russian I,Slavic Languages & Literatures,"Clancy,Steven",3,0,0,0,0,0,0,2024,Fall,3
2626,RUSS BA,Intermediate Russian I,Slavic Languages & Literatures,"Clancy,Steven",7,1,0,0,0,0,0,2024,Fall,8
2627,RUSS BA,Intermediate Russian I,Slavic Languages & Literatures,"Clancy,Steven",0,0,0,0,0,0,0,2024,Fall,0
2628,RUSS HA,Russian for Heritage Speakers,Slavic Languages & Literatures,"Egorova,Veronika A.",6,1,0,0,0,0,0,2024,Fall,7
2629,SANSKRIT 101A,Elementary Sanskrit,South Asian Studies,"Cummins,Patrick",2,1,1,4,0,0,0,2024,Fall,8
2630,SANSKRIT 102AR,Intermediate Sanskrit I,South Asian Studies,"Patil,Parimal G.",0,3,0,6,0,0,0,2024,Fall,9
2631,SANSKRIT 200R,Adv. Philosophical Sanskrit,South Asian Studies,"Cummins,Patrick",0,3,0,2,0,0,0,2024,Fall,5
2632,SANSKRIT 207AR,P??ini Is Only a Click Away,South Asian Studies,"Blinderman,Radha",2,3,0,0,0,0,0,2024,Fall,5
2633,SANSKRIT 250R,Nth Year Sanskrit: Seminar,South Asian Studies,"Patil,Parimal G.",0,1,0,0,0,0,0,2024,Fall,1
2634,SANSKRIT 301,Reading and Research,South Asian Studies,"Patil,Parimal G.",0,1,0,0,0,0,0,2024,Fall,1
2635,SANSKRIT 91R,Supervised Reading & Research,South Asian Studies,"Patil,Parimal G.",2,0,0,0,0,0,0,2024,Fall,2
2649,SCAND 90R,Scand Lang. Tutorial,Germanic Languages & Lit,"Broome,Agnes",0,0,0,0,0,0,0,2024,Fall,0
2650,SCAND 90R.A,Danish,Germanic Languages & Lit,"Broome,Agnes",3,0,0,0,0,0,0,2024,Fall,3
2651,SCAND 90R.A,Danish,Germanic Languages & Lit,"Broome,Agnes",2,0,0,0,0,0,0,2024,Fall,2
2652,SCAND 90R.C,Norwegian,Germanic Languages & Lit,"Broome,Agnes",5,0,0,1,0,0,0,2024,Fall,6
2653,SCAND 90R.C,Norwegian,Germanic Languages & Lit,"Broome,Agnes",1,0,0,1,0,0,0,2024,Fall,2
2654,SCAND 90R.C,Norwegian,Germanic Languages & Lit,"Broome,Agnes",1,0,0,0,0,0,0,2024,Fall,1
2673,SEMPHIL 152,Introduction to Ugaritic,Near Eastern Languages & Civ,"Rhyder,Julia Victoria",1,1,0,0,0,0,0,2024,Fall,2
2674,SEMPHIL 153,Phoenician and Punic,Near Eastern Languages & Civ,"Olivero,Vladimir",2,3,0,1,0,0,0,2024,Fall,6
2795,SOMALI AA,Elementary Somali,African & African Amer Studies,Unknown,0,0,0,0,0,0,0,2024,Fall,0
2796,SOMALI AB,Elementary Somali,African & African Amer Studies,"Mugane,John M",4,0,0,0,0,0,0,2024,Fall,4
2797,SPANSH 10,Beginning Spanish I,Romance Languages & Lit,"Parra-Velasco,Maria Luisa",13,0,0,0,0,0,0,2024,Fall,13
2798,SPANSH 10,Beginning Spanish I,Romance Languages & Lit,"Parra-Velasco,Maria Luisa",9,0,0,0,0,0,0,2024,Fall,9
2799,SPANSH 10,Beginning Spanish I,Romance Languages & Lit,"Parra-Velasco,Maria Luisa",13,0,0,0,0,0,0,2024,Fall,13
2800,SPANSH 10,Beginning Spanish I,Romance Languages & Lit,"Parra-Velasco,Maria Luisa",10,0,0,0,0,0,0,2024,Fall,10
2801,SPANSH 10,Beginning Spanish I,Romance Languages & Lit,"Parra-Velasco,Maria Luisa",13,0,0,0,0,0,0,2024,Fall,13
2802,SPANSH 10,Beginning Spanish I,Romance Languages & Lit,"Parra-Velasco,Maria Luisa",13,0,0,0,0,0,0,2024,Fall,13
2803,SPANSH 10,Beginning Spanish I,Romance Languages & Lit,"Parra-Velasco,Maria Luisa",6,0,0,0,0,0,0,2024,Fall,6
2804,SPANSH 11,Beginning Spanish II,Romance Languages & Lit,"Arias,Juan Manuel",11,0,0,0,0,0,0,2024,Fall,11
2805,SPANSH 11,Beginning Spanish II,Romance Languages & Lit,"Arias,Juan Manuel",12,0,0,0,0,0,0,2024,Fall,12
2806,SPANSH 11,Beginning Spanish II,Romance Languages & Lit,"Arias,Juan Manuel",14,0,0,1,0,0,0,2024,Fall,15
2807,SPANSH 11,Beginning Spanish II,Romance Languages & Lit,"Arias,Juan Manuel",5,0,0,0,0,0,0,2024,Fall,5
2808,SPANSH 11,Beginning Spanish II,Romance Languages & Lit,"Arias,Juan Manuel",12,0,0,0,0,0,0,2024,Fall,12
2809,SPANSH 11,Beginning Spanish II,Romance Languages & Lit,"Arias,Juan Manuel",11,0,0,1,0,0,0,2024,Fall,12
2810,SPANSH 11,Beginning Spanish II,Romance Languages & Lit,"Arias,Juan Manuel",8,0,0,0,0,0,0,2024,Fall,8
2811,SPANSH 141,Novel after the End of Novel,Romance Languages & Lit,"Siskind,Mariano",11,5,0,1,0,0,0,2024,Fall,17
2812,SPANSH 15,Intensive Beginning Spanish,Romance Languages & Lit,"Parra-Velasco,Maria Luisa",2,2,0,3,0,0,0,2024,Fall,7
2813,SPANSH 166,Latin American Orientalism,Romance Languages & Lit,"Quintero Machler,Alejandro",6,2,0,1,0,0,0,2024,Fall,9
2814,SPANSH 20,Intermediate Spanish,Romance Languages & Lit,"Gutierrez,Adriana",8,2,0,0,0,0,0,2024,Fall,10
2815,SPANSH 20,Intermediate Spanish,Romance Languages & Lit,"Gutierrez,Adriana",12,0,0,0,0,0,0,2024,Fall,12
2816,SPANSH 20,Intermediate Spanish,Romance Languages & Lit,"Gutierrez,Adriana",14,1,0,0,0,0,0,2024,Fall,15
2817,SPANSH 20,Intermediate Spanish,Romance Languages & Lit,"Gutierrez,Adriana",12,0,0,0,0,0,0,2024,Fall,12
2818,SPANSH 20,Intermediate Spanish,Romance Languages & Lit,"Gutierrez,Adriana",7,1,0,0,0,0,0,2024,Fall,8
2819,SPANSH 20,Intermediate Spanish,Romance Languages & Lit,"Gutierrez,Adriana",8,0,0,0,0,0,0,2024,Fall,8
2820,SPANSH 201,History of the Spanish Languag,Romance Languages & Lit,"Giron Negron,Luis M.",2,3,0,0,0,0,0,2024,Fall,5
2821,SPANSH 238,Ethics & Lit in Latin America,Romance Languages & Lit,"Sommer,Doris",0,3,0,0,0,0,0,2024,Fall,3
2822,SPANSH 30,Upper-level Spanish,Romance Languages & Lit,"Feliberty Casiano,Xiomara Hipolita",10,0,0,0,0,0,0,2024,Fall,10
2823,SPANSH 30,Upper-level Spanish,Romance Languages & Lit,"Feliberty Casiano,Xiomara Hipolita",10,0,0,0,0,0,0,2024,Fall,10
2824,SPANSH 30,Upper-level Spanish,Romance Languages & Lit,"Feliberty Casiano,Xiomara Hipolita",14,0,0,1,0,0,0,2024,Fall,15
2825,SPANSH 30,Upper-level Spanish,Romance Languages & Lit,"Feliberty Casiano,Xiomara Hipolita",9,0,0,2,0,0,0,2024,Fall,11
2826,SPANSH 30,Upper-level Spanish,Romance Languages & Lit,"Feliberty Casiano,Xiomara Hipolita",9,0,0,0,0,0,0,2024,Fall,9
2827,SPANSH 320,Spanish & Hispanic-American Li,Romance Languages & Lit,"Giron Negron,Luis M.",0,1,0,0,0,0,0,2024,Fall,1
2828,SPANSH 320,Spanish & Hispanic-American Li,Romance Languages & Lit,"Siskind,Mariano",0,1,0,0,0,0,0,2024,Fall,1
2829,SPANSH 40,Advanced Spanish Language I,Romance Languages & Lit,"Feliberty Casiano,Xiomara Hipolita",12,0,0,0,0,0,0,2024,Fall,12
2830,SPANSH 40,Advanced Spanish Language I,Romance Languages & Lit,"Feliberty Casiano,Xiomara Hipolita",12,0,0,0,0,0,0,2024,Fall,12
2831,SPANSH 40,Advanced Spanish Language I,Romance Languages & Lit,"Feliberty Casiano,Xiomara Hipolita",11,1,0,0,0,0,0,2024,Fall,12
2832,SPANSH 40,Advanced Spanish Language I,Romance Languages & Lit,"Feliberty Casiano,Xiomara Hipolita",8,1,0,0,0,0,0,2024,Fall,9
2833,SPANSH 40,Advanced Spanish Language I,Romance Languages & Lit,"Feliberty Casiano,Xiomara Hipolita",8,0,0,1,0,0,0,2024,Fall,9
2834,SPANSH 49H,Languaging & Latinx identities,Romance Languages & Lit,"Parra-Velasco,Maria Luisa",8,0,0,0,0,0,0,2024,Fall,8
2835,SPANSH 50,Advanced Spanish II,Romance Languages & Lit,"Gutierrez,Adriana",16,0,0,0,0,0,0,2024,Fall,16
2836,SPANSH 50,Advanced Spanish II,Romance Languages & Lit,"Gutierrez,Adriana",9,0,0,0,0,0,0,2024,Fall,9
2837,SPANSH 50,Advanced Spanish II,Romance Languages & Lit,"Gutierrez,Adriana",10,0,0,0,0,0,0,2024,Fall,10
2838,SPANSH 59,Spanish and the Community,Romance Languages & Lit,"Parra-Velasco,Maria Luisa",14,0,0,0,0,0,0,2024,Fall,14
2839,SPANSH 61N,Ethics of Business in Lat Am,Romance Languages & Lit,"Gutierrez,Adriana",12,1,0,0,0,0,0,2024,Fall,13
2840,SPANSH 61N,Ethics of Business in Lat Am,Romance Languages & Lit,"Gutierrez,Adriana",6,0,0,1,0,0,0,2024,Fall,7
2841,SPANSH 61N,Ethics of Business in Lat Am,Romance Languages & Lit,"Gutierrez,Adriana",10,0,0,0,0,0,0,2024,Fall,10
2842,SPANSH 61N,Ethics of Business in Lat Am,Romance Languages & Lit,"Gutierrez,Adriana",11,0,0,0,0,0,0,2024,Fall,11
2843,SPANSH 70,Intro Latin American Studies,Romance Languages & Lit,"Vela Martinez,Alejandra",16,1,0,3,0,0,0,2024,Fall,20
2844,SPANSH 72,Intro Spanish Lit and Culture,Romance Languages & Lit,"Vega-Duran,Raquel",21,0,0,1,0,0,0,2024,Fall,22
2845,SPANSH 88,The History of Women in Spain,Romance Languages & Lit,"Vega-Duran,Raquel",14,0,0,0,0,0,0,2024,Fall,14
2846,SPANSH 99A,Tutorial - Senior Year,Romance Languages & Lit,"Parra-Velasco,Maria Luisa",1,0,0,0,0,0,0,2024,Fall,1
2882,SUMERIAN 141,Sumerian Mythology,Near Eastern Languages & Civ,"Glenn,Anna",6,0,0,2,0,0,0,2024,Fall,8
2883,SUMERIAN AA,Introductory Sumerian I,Near Eastern Languages & Civ,"Glenn,Anna",3,0,0,1,0,0,0,2024,Fall,4
2884,SWAHILI 101AR,Reading in Swahili,African & African Amer Studies,"Mugane,John M",6,0,0,1,0,0,0,2024,Fall,7
2885,SWAHILI AA,Elementary Swahili,African & African Amer Studies,"Mugane,John M",10,0,0,2,0,0,0,2024,Fall,12
2886,SWEDISH 10A,Beginning Swedish Lang and Lit,Germanic Languages & Lit,"Broome,Agnes",5,0,0,2,0,0,0,2024,Fall,7
2887,SWEDISH 20A,Intermediate Swedish,Germanic Languages & Lit,"Broome,Agnes",1,0,0,0,0,0,0,2024,Fall,1
2888,SYRIAC AA,Elementary Syriac I,Near Eastern Languages & Civ,"Possekel,Ute",0,1,0,0,0,0,0,2024,Fall,1
2918,TAM 101A,Elementary Tamil,South Asian Studies,"Ripley,Jonathan Daniel",5,1,0,3,0,0,0,2024,Fall,9
2919,TAM 102A,Intermediate Tamil,South Asian Studies,"Ripley,Jonathan Daniel",4,0,0,1,0,0,0,2024,Fall,5
2920,TAM 91R,Tamil Supervised Readings,South Asian Studies,"Ripley,Jonathan Daniel",0,0,0,1,0,0,0,2024,Fall,1
2945,THI 101A,Introductory Thai I,South Asian Studies,"Patil,Parimal G.",1,0,0,1,0,0,0,2024,Fall,2
2946,THI 102A,Intermediate Thai I,South Asian Studies,"Patil,Parimal G.",1,1,0,0,0,0,0,2024,Fall,2
2947,THI 102A,Intermediate Thai I,South Asian Studies,"Patil,Parimal G.",0,0,0,1,0,0,0,2024,Fall,1
2948,TIBET 101A,Elementary Classical Tibetan,South Asian Studies,"Patil,Parimal G.",0,1,0,3,0,0,0,2024,Fall,4
2949,TIBET 104AR,Elementary Colloquial Tibetan,South Asian Studies,"Patil,Parimal G.",1,0,0,0,0,0,0,2024,Fall,1
2950,TIBET 106AR,Advanced Colloquial Tibetan,South Asian Studies,"Patil,Parimal G.",1,0,0,0,0,0,0,2024,Fall,1
2951,TIBET 300,Reading and Research,South Asian Studies,"van der Kuijp,Leonard Willem Johannes",0,1,0,0,0,0,0,2024,Fall,1
2952,TIBET 91R,Supervised Reading & Research,South Asian Studies,"van der Kuijp,Leonard Willem Johannes",0,1,0,0,0,0,0,2024,Fall,1
2953,TIGRINYA 101AR,Advanced Tigrinya,African & African Amer Studies,"Mugane,John M",2,0,0,0,0,0,0,2024,Fall,2
2954,TIGRINYA AA,Elementary Tigrinya,African & African Amer Studies,"Mugane,John M",1,0,0,1,0,0,0,2024,Fall,2
2955,TIGRINYA BA,Intermediate Tigrinya,African & African Amer Studies,"Mugane,John M",3,0,0,0,0,0,0,2024,Fall,3
2957,TURKISH 120A,Intermediate Modern Turkish I,Near Eastern Languages & Civ,"Demir,Meryem",0,3,0,1,0,0,0,2024,Fall,4
2958,TURKISH 130A,Advanced Turkish I,Near Eastern Languages & Civ,"Taskomur,Himmet",0,2,0,0,0,0,0,2024,Fall,2
2959,TURKISH 140A,Intro to Ottoman Turkish I,Near Eastern Languages & Civ,"Taskomur,Himmet",0,3,0,0,0,0,0,2024,Fall,3
2960,TURKISH 150A,Advanced Ottoman Turkish I,Near Eastern Languages & Civ,"Taskomur,Himmet",0,2,0,1,0,0,0,2024,Fall,3
2961,TURKISH 300,Turkish Languages/Literatures,Near Eastern Languages & Civ,"Taskomur,Himmet",0,1,0,0,0,0,0,2024,Fall,1
2962,TURKISH AA,Elementary Modern Turkish I,Near Eastern Languages & Civ,"Demir,Meryem",2,4,0,0,0,0,0,2024,Fall,6
2963,TWI 101AR,Reading in Twi,African & African Amer Studies,"Mugane,John M",3,0,0,0,0,0,0,2024,Fall,3
2964,TWI AA,Elementary Twi,African & African Amer Studies,"Mugane,John M",2,0,0,4,0,0,0,2024,Fall,6
2965,UKRA AA,Elementary Ukrainian I,Slavic Languages & Literatures,"Shpylova-Saeed,Nataliya",1,0,0,0,0,0,0,2024,Fall,1
2966,UKRA BA,Intermediate Ukrainian I,Slavic Languages & Literatures,"Shpylova-Saeed,Nataliya",1,1,0,0,0,0,0,2024,Fall,2
2967,UKRA BA,Intermediate Ukrainian I,Slavic Languages & Literatures,"Shpylova-Saeed,Nataliya",0,1,0,0,0,0,0,2024,Fall,1
2968,UKRA CR,Advanced Ukrainian,Slavic Languages & Literatures,"Shpylova-Saeed,Nataliya",1,6,0,0,0,0,0,2024,Fall,7
2969,UYGHUR 130A,Pre-advanced Uyghur,East Asian Langs & Civ,"Gulina,Aizezi",1,1,0,0,0,0,0,2024,Fall,2
2970,UYGHUR A,Elementary Uyghur,East Asian Langs & Civ,"Gulina,Aizezi",0,0,0,0,0,1,0,2024,Fall,1
2971,VIETNAM 120A,Intermediate Vietnamese,East Asian Langs & Civ,"Le,Hoa",4,1,0,3,0,0,0,2024,Fall,8
2972,VIETNAM 130A,Advanced Vietnamese,East Asian Langs & Civ,"Le,Hoa",8,1,0,2,0,0,0,2024,Fall,11
2973,VIETNAM 140A,Advanced-High Vietnamese,East Asian Langs & Civ,"Le,Hoa",0,0,0,0,0,0,0,2024,Fall,0
2974,VIETNAM 91R,Supervised Reading and Researc,East Asian Langs & Civ,"Le,Hoa",1,0,0,0,0,0,0,2024,Fall,1
2975,VIETNAM BA,Elementary Vietnamese,East Asian Langs & Civ,"Le,Hoa",10,3,0,3,0,1,0,2024,Fall,17
2991,WELSH 128,Introduction to Modern Welsh,Celtic Languages & Literatures,"McKenna,Catherine",1,2,0,0,0,0,0,2024,Fall,3
2992,WELSH 225A,Medieval Welsh Lang & Lit,Celtic Languages & Literatures,"McKenna,Catherine",0,3,0,0,0,0,0,2024,Fall,3
2993,WOLOF 101AR,Advanced Wolof,African & African Amer Studies,"Mugane,John M",0,1,0,0,0,0,0,2024,Fall,1
2994,WOLOF AA,Elementary Wolof,African & African Amer Studies,"Mugane,John M",0,2,0,1,0,0,0,2024,Fall,3
2995,WOLOF BA,Intermediate Wolof,African & African Amer Studies,"Mugane,John M",1,0,0,1,0,0,0,2024,Fall,2
3005,YIDDISH 300,Yiddish Language & Literature,Near Eastern Languages & Civ,"Zaritt,Saul",0,1,0,0,0,0,0,2024,Fall,1
3006,YIDDISH AA,Elementary Yiddish I,Near Eastern Languages & Civ,"Feldman,Sara",0,2,0,0,0,0,0,2024,Fall,2
3007,YIDDISH BA,Intermediate Yiddish I,Near Eastern Languages & Civ,"Feldman,Sara",1,0,0,0,0,0,0,2024,Fall,1
3008,YIDDISH CA,Advanced Yiddish I,Near Eastern Languages & Civ,"Feldman,Sara",1,0,0,0,0,1,0,2024,Fall,2
3009,YORUBA 101AR,Reading in Yoruba,African & African Amer Studies,"Mugane,John M",1,1,0,0,0,0,0,2024,Fall,2
3010,YORUBA AA,Elementary Yoruba,African & African Amer Studies,"Mugane,John M",23,0,0,3,0,0,0,2024,Fall,26
3011,YORUBA BA,Intermediate Yoruba,African & African Amer Studies,"Mugane,John M",2,0,0,5,0,0,0,2024,Fall,7
3012,ZULU 101AR,Advanced Zulu,African & African Amer Studies,"Mugane,John M",1,0,0,0,0,0,0,2024,Fall,1
3013,ZULU AA,Elementary Zulu,African & African Amer Studies,"Mugane,John M",35,0,0,0,0,0,0,2024,Fall,35
3014,ZULU BA,Intermediate Zulu,African & African Amer Studies,"Mugane,John M",2,0,0,1,0,0,0,2024,Fall,3
